name     |obsid      |ra         |dec        |start_time         |processing_date    |xrt_exposure|uvot_exposure|bat_exposure|archive_date|_offset
NGC247ULX|00095158004|00 47 10.46|-20 52 36.7|2019-08-22T13:58:31|2019-09-01T00:00:00|  1226.06400|   1224.24600|  1232.00000|  2019-09-02| 7.0023
NGC247ULX|00095158003|00 47 06.74|-20 51 58.0|2019-08-22T12:16:51|2019-09-01T00:00:00|  1143.20100|   1142.56900|  1150.00000|  2019-09-02| 6.3569
NGC247ULX|00095158040|00 46 55.96|-20 51 19.7|2019-08-29T21:05:36|2019-09-08T00:00:00|   300.86800|    298.59500|   305.00000|  2019-09-09| 6.4192
NGC247ULX|00095158021|00 47 08.50|-20 51 17.3|2019-08-26T02:16:34|2019-09-05T00:00:00|  1458.03300|   1457.19500|  1464.00000|  2019-09-06| 5.6643
NGC247ULX|00095158043|00 47 04.39|-20 51 10.5|2019-08-30T11:26:34|2019-09-09T00:00:00|  1213.52400|   1209.82600|  1225.00000|  2019-09-10| 5.6368
NGC247ULX|00095158038|00 46 53.60|-20 51 02.3|2019-08-29T11:41:35|2019-09-08T00:00:00|  1216.03700|   1215.02200|  1223.00000|  2019-09-09| 6.4452
NGC247ULX|00095158013| 00 47 09.1|-20 50 52.5|2019-08-24T10:29:34|2019-09-03T00:00:00|   823.20300|    822.89000|   830.00000|  2019-09-04| 5.2533
NGC247ULX|00095158002|00 47 03.82|-20 50 36.8|2019-08-22T04:18:55|2019-09-01T00:00:00|  1318.20100|   1318.42300|  1326.00000|  2019-09-02| 5.1102
NGC247ULX|00095158018|00 47 07.70|-20 50 09.5|2019-08-25T11:53:35|2019-09-04T00:00:00|  1338.17400|   1337.14600|  1344.00000|  2019-09-05| 4.5387
NGC247ULX|00095158046|00 46 58.65|-20 50 05.8|2019-08-31T03:32:36|2019-09-10T00:00:00|  1271.19900|   1269.54700|  1277.00000|  2019-09-11| 5.0353
NGC247ULX|00095158014|00 47 04.40|-20 50 05.2|2019-08-24T15:14:34|2019-09-03T00:00:00|  1043.03300|   1042.50000|  1050.00000|  2019-09-04| 4.5680
NGC247ULX|00095158015|00 47 02.34|-20 49 58.0|2019-08-24T21:32:34|2019-09-03T00:00:00|  1286.24400|   1283.85700|  1291.00000|  2019-09-04| 4.5792
NGC247ULX|00095158012|00 47 03.71|-20 49 54.0|2019-08-24T05:42:35|2019-09-03T00:00:00|  1343.20300|   1342.46300|  1350.00000|  2019-09-04| 4.4234
NGC247   |00082125007|00 47 06.60|-20 49 47.5|2016-05-31T19:33:09|2016-06-10T00:00:00|   678.19400|    667.38100|   684.00000|  2016-06-11| 4.1929
NGC247ULX|00095158044|00 47 11.51|-20 49 42.6|2019-08-30T16:13:35|2019-09-09T00:00:00|  1239.19200|   1235.35600|  1251.00000|  2019-09-10| 4.1452
NGC247ULX|00095158017| 00 47 04.7|-20 49 37.9|2019-08-25T05:30:36|2019-09-04T00:00:00|  1348.92700|   1348.59800|  1356.00000|  2019-09-05| 4.1436
NGC247ULX|00095158020|00 47 08.64|-20 49 24.6|2019-08-25T19:53:20|2019-09-04T00:00:00|  1216.03800|   1214.98900|  1222.00000|  2019-09-05| 3.7874
NGC247   |00033469024| 00 47 05.6|-20 48 37.7|2015-08-19T19:47:58|2015-08-29T00:00:00|   917.66600|    907.53400|   925.00000|  2015-08-30| 3.1143
NGC247ULX|00095158005|00 47 05.94|-20 48 31.9|2019-08-22T22:08:26|2019-09-01T00:00:00|   127.92100|      0.00000|     3.00000|  2019-09-02| 2.9716
NGC247   |00033469023|00 47 09.99|-20 48 04.0|2015-07-19T19:52:58|2015-07-29T00:00:00|  2131.25900|   2107.29900|  2143.00000|  2015-07-30| 2.4658
NGC247   |00033469050|00 47 08.49|-20 47 57.3|2020-05-07T12:39:35|2020-05-18T00:00:00|  1075.77300|   1066.64000|  1081.00000|  2020-05-18| 2.3322
NGC247ULX|00095158011|00 46 54.73|-20 47 53.8|2019-08-24T01:02:36|2019-09-03T00:00:00|  1095.81900|   1093.60500|  1101.00000|  2019-09-04| 3.9490
NGC247ULX|00095158025|00 47 11.98|-20 47 49.0|2019-08-26T21:29:34|2019-09-05T00:00:00|  1541.99000|   1539.94100|  1548.00000|  2019-09-06| 2.3352
NGC247ULX|00095158016|00 47 14.68|-20 47 45.5|2019-08-25T00:55:34|2019-09-04T00:00:00|  1253.63700|   1249.76500|  1265.00000|  2019-09-05| 2.5709
NGC247ULX|00095158030|00 46 47.39|-20 47 42.9|2019-08-27T21:34:35|2019-09-06T00:00:00|  1479.29200|   1477.77100|  1493.00000|  2019-09-07| 5.3694
NGC247ULX|00095158001| 00 47 11.4|-20 47 33.3|2019-08-22T02:48:34|2019-09-01T00:00:00|  1401.57700|   1401.46700|  1409.00000|  2019-09-02| 2.0178
NGC247ULX|00095158008|00 47 10.35|-20 47 23.6|2019-08-23T10:29:50|2019-09-02T00:00:00|  1386.65600|   1385.40400|  1395.00000|  2019-09-03| 1.8197
NGC247ULX|00095158031|00 47 08.90|-20 47 21.1|2019-08-28T00:44:36|2019-09-07T00:00:00|  1251.13100|   1248.86000|  1263.00000|  2019-09-08| 1.7308
NGC247   |00082125003|00 47 10.69|-20 47 17.5|2015-05-08T04:45:59|2015-05-18T00:00:00|   553.16300|    542.46600|   559.00000|  2015-05-19| 1.7408
NGC247   |00082125004|00 47 09.25|-20 47 13.6|2015-05-13T17:06:59|2015-05-23T00:00:00|   456.32000|    446.39200|   463.00000|  2015-05-24| 1.6120
NGC247   |00033469020|00 47 05.80|-20 47 12.1|2015-05-12T20:16:59|2015-05-22T00:00:00|  1972.96600|   1948.43600|  1986.00000|  2015-05-23| 1.7042
NGC247   |00082125016|00 47 06.54|-20 47 06.7|2017-05-19T18:47:57|2017-05-29T00:00:00|   366.05800|    353.93600|   372.00000|  2017-05-30| 1.5613
NGC247ULX|00095158042|00 47 14.16|-20 47 02.1|2019-08-30T08:18:34|2019-09-09T00:00:00|   145.71700|    144.48700|   159.00000|  2019-09-10| 1.9266
NGC247   |00033469022|00 47 11.89|-20 47 01.4|2015-06-19T00:58:59|2015-06-29T00:00:00|  1743.93000|   1710.46700|  1763.00000|  2015-06-30| 1.6028
NGC247ULX|00095158045|00 47 10.89|-20 46 54.0|2019-08-30T21:15:35|2019-09-09T00:00:00|  1120.76000|   1118.03200|  1127.00000|  2019-09-10| 1.3884
NGC247   |00082125017|00 47 08.18|-20 46 52.6|2017-05-22T16:48:57|2017-06-01T00:00:00|  1373.98900|   1354.72100|  1385.00000|  2017-06-02| 1.2561
NGC247   |00033469037|00 47 08.64|-20 46 49.2|2019-11-21T02:24:34|2019-12-01T00:00:00|  1102.36900|   1097.11300|  1152.00000|  2019-12-02| 1.1962
NGC247ULX|00095158026|00 47 00.59|-20 46 44.8|2019-08-27T02:19:34|2019-09-06T00:00:00|  1933.11700|   1929.99900|  1944.00000|  2019-09-07| 2.1725
NGC247   |00033469053|00 47 07.42|-20 46 38.0|2020-05-28T20:06:34|2020-06-07T00:00:00|  1353.01500|   1343.72100|  1359.00000|  2020-06-08| 1.0438
NGC247   |00033469032| 00 47 03.7|-20 46 35.9|2016-10-10T10:59:58|2016-10-20T00:00:00|  1647.30100|   1647.29200|  1654.00000|  2016-10-21| 1.6109
NGC247   |00033469051|00 47 04.46|-20 46 27.9|2020-05-14T18:18:36|2020-05-24T00:00:00|  1351.42900|   1342.72800|  1357.00000|  2020-05-25| 1.2740
NGC247   |00082125020| 00 47 18.0|-20 46 23.5|2017-05-31T17:37:57|2017-06-10T00:00:00|   930.20200|    879.88600|   937.00000|  2017-06-11| 2.3384
NGC247ULX|00095158029|00 47 10.93|-20 46 22.4|2019-08-27T15:13:36|2019-09-06T00:00:00|  1341.39000|   1340.00300|  1355.00000|  2019-09-07| 0.9336
NGC247ULX|00095158019|00 46 54.40|-20 46 16.5|2019-08-25T15:09:36|2019-09-04T00:00:00|  1025.48000|   1024.07500|  1031.00000|  2019-09-05| 3.3707
NGC247ULX|00095158006|00 46 56.69|-20 46 15.7|2019-08-23T01:04:34|2019-09-02T00:00:00|  1306.30000|   1303.76000|  1311.00000|  2019-09-03| 2.8444
NGC247   |00082125019|00 47 08.62|-20 46 12.4|2017-05-30T09:41:57|2017-06-09T00:00:00|  3286.66700|   3249.93400|  3304.00000|  2017-06-10| 0.5842
NGC247   |00033469025|00 47 17.55|-20 46 04.0|2015-08-24T14:36:58|2015-09-03T00:00:00|   927.69500|    916.21700|   934.00000|  2015-09-04| 2.1506
NGC247   |00082125005|00 47 19.82|-20 46 03.2|2015-05-23T15:08:59|2015-06-02T00:00:00|   453.00200|    442.65200|   459.00000|  2015-06-03| 2.6684
NGC247   |00033469021|00 47 15.43|-20 46 00.6|2015-05-19T18:29:59|2015-05-29T00:00:00|  1653.27100|   1631.94600|  1666.00000|  2015-05-30| 1.6551
NGC247   |00033469030|00 47 05.59|-20 45 51.4|2016-10-09T10:59:58|2016-10-19T00:00:00|  1642.27700|   1643.75000|  1652.00000|  2016-10-20| 0.7303
NGC247ULX|00095158009|00 46 55.11|-20 45 50.7|2019-08-23T15:25:36|2019-09-02T00:00:00|  1311.31400|   1310.26900|  1318.00000|  2019-09-03| 3.1506
NGC247ULX|00095158036| 00 47 03.4|-20 45 48.2|2019-08-29T03:46:17|2019-09-08T00:00:00|     5.00500|      3.33200|    11.00000|  2019-09-09| 1.3008
NGC247   |00033469038|00 47 00.81|-20 45 48.1|2019-11-28T12:24:34|2019-12-08T00:00:00|  1376.50900|   1375.62800|  1383.00000|  2019-12-09| 1.8175
NGC247   |00082125002|00 47 22.87|-20 45 46.9|2015-05-06T22:24:58|2015-05-16T00:00:00|   315.91200|    305.41400|   323.00000|  2015-05-17| 3.3513
NGC247   |00033469036|00 46 58.36|-20 45 44.5|2019-11-14T07:32:34|2019-11-24T00:00:00|  1308.83600|   1307.29000|  1322.00000|  2019-11-25| 2.3849
NGC247   |00033469001|00 47 02.28|-20 45 42.6|2014-10-13T06:55:18|2018-03-14T00:00:00|  2529.19900|   2495.72400|  2549.00000|  2014-10-24| 1.4683
NGC247   |00082125018| 00 47 11.2|-20 45 41.0|2017-05-23T00:50:57|2017-06-02T00:00:00|  2950.36100|   2852.27500|  2989.00000|  2017-06-03| 0.5796
NGC247ULX|00095158024| 00 46 55.2|-20 45 34.4|2019-08-26T16:36:36|2019-09-05T00:00:00|  1323.85400|   1323.54200|  1331.00000|  2019-09-06| 3.1643
NGC247   |00033469043|00 47 05.51|-20 45 32.6|2019-12-31T01:17:38|2020-01-10T00:00:00|  1026.84400|   1005.17600|  1054.00000|  2020-01-11| 0.7162
NGC247ULX|00095158033|00 47 05.32|-20 45 31.9|2019-08-28T10:15:35|2019-09-07T00:00:00|  1296.01400|   1293.49900|  1315.00000|  2019-09-08| 0.7614
NGC247ULX|00095158047|00 47 00.58|-20 45 29.4|2019-08-31T05:18:36|2019-09-10T00:00:00|   900.11500|    899.31500|   906.00000|  2019-09-11| 1.8683
NGC247   |00082125006| 00 47 01.4|-20 45 29.2|2015-06-02T14:22:12|2015-06-12T00:00:00|   972.82500|    960.29500|   980.00000|  2015-06-13| 1.7614
NGC247   |00033469019|00 47 17.22|-20 45 29.1|2015-05-05T20:51:59|2015-05-15T00:00:00|  1805.24700|   1779.24600|  1815.00000|  2015-05-16| 2.0307
NGC247ULX|00095158037|00 47 03.36|-20 45 25.0|2019-08-29T08:30:35|2019-09-08T00:00:00|  1483.10600|   1482.61500|  1490.00000|  2019-09-09| 1.2320
NGC247ULX|00095158022|00 47 01.92|-20 45 23.3|2019-08-26T05:27:36|2019-09-05T00:00:00|  1433.17300|   1433.09900|  1440.00000|  2019-09-06| 1.5685
NGC247   |00082125008|00 47 08.93|-20 45 19.0|2016-08-13T18:41:58|2016-08-23T00:00:00|   638.15100|    627.61900|   645.00000|  2016-08-24| 0.3189
NGC247ULX|00095158010|00 46 54.81|-20 45 18.0|2019-08-23T22:02:54|2019-09-02T00:00:00|   586.70100|    585.36200|   593.00000|  2019-09-03| 3.2279
NGC247ULX|00095158035|00 46 57.35|-20 45 16.9|2019-08-28T20:01:36|2019-09-07T00:00:00|   564.13500|    563.55000|   570.00000|  2019-09-08| 2.6396
NGC247   |00033469028|00 47 01.85|-20 45 12.8|2015-11-19T19:01:57|2015-11-29T00:00:00|  1689.92100|   1668.79500|  1703.00000|  2015-11-30| 1.6192
NGC247ULX|00095158032|00 46 58.17|-20 45 12.4|2019-08-28T05:44:35|2019-09-07T00:00:00|  1513.52500|   1510.04200|  1530.00000|  2019-09-08| 2.4627
NGC247   |00082125015|00 46 58.26|-20 45 10.4|2017-02-07T11:07:49|2017-02-17T00:00:00|   147.16700|      0.00000|     3.00000|  2017-02-18| 2.4479
NGC247ULX|00095158027| 00 47 03.7|-20 45 09.4|2019-08-27T04:05:34|2019-09-06T00:00:00|   872.53400|    870.87200|   879.00000|  2019-09-07| 1.3637
NGC247ULX|00095158028|00 47 08.43|-20 45 06.7|2019-08-27T10:37:34|2019-09-06T00:00:00|  1246.37500|   1245.51700|  1260.00000|  2019-09-07| 0.5119
NGC247   |00033469052|00 47 17.61|-20 45 05.5|2020-05-21T00:06:35|2020-05-31T00:00:00|  1286.24200|   1276.00100|  1292.00000|  2020-06-01| 2.1843
NGC247ULX|00095158034|00 47 02.65|-20 45 02.8|2019-08-28T15:17:34|2019-09-07T00:00:00|  1049.22700|   1046.08600|  1068.00000|  2019-09-08| 1.4956
NGC247   |00033469027|00 47 04.55|-20 45 01.0|2015-10-19T05:14:57|2015-10-29T00:00:00|  2071.01800|   2041.55400|  2089.00000|  2015-10-30| 1.1155
NGC247   |00082125009|00 46 55.22|-20 44 58.8|2016-10-08T19:25:58|2016-10-18T00:00:00|   228.16200|    216.95100|   234.00000|  2016-10-19| 3.1829
NGC247   |00082125010|00 47 02.52|-20 44 55.4|2016-10-27T03:41:58|2016-11-06T00:00:00|  1817.62000|   1782.57800|  1837.00000|  2016-11-07| 1.5732
NGC247   |00082125013| 00 46 57.9|-20 44 53.1|2016-11-29T05:52:58|2016-12-09T00:00:00|   512.89300|    503.00200|   520.00000|  2016-12-10| 2.7790
NGC247   |00033469012|00 47 00.79|-20 44 49.4|2014-12-28T09:44:58|2018-03-19T00:00:00|  2215.69800|   2192.10900|  2229.00000|  2015-01-08| 1.9829
NGC247   |00033469034|00 46 59.23|-20 44 46.0|2016-10-11T10:59:58|2016-10-21T00:00:00|  1602.16500|   1601.67100|  1608.00000|  2016-10-22| 2.3406
NGC247ULX|00095158023|00 47 03.90|-20 44 43.9|2019-08-26T10:21:35|2019-09-05T00:00:00|  1306.30200|   1304.48800|  1311.00000|  2019-09-06| 1.4056
NGC247ULX|00095158039|00 46 58.53|-20 44 42.2|2019-08-29T14:58:29|2019-09-08T00:00:00|   719.58800|    718.90500|   726.00000|  2019-09-09| 2.5171
NGC247   |00033469003|00 47 03.29|-20 44 41.9|2014-10-26T11:20:59|2018-03-15T00:00:00|  1699.95200|   1687.13200|  1706.00000|  2014-11-06| 1.5375
NGC247   |00033469018|00 46 54.57|-20 44 41.8|2015-02-08T08:22:59|2015-02-18T00:00:00|  2005.83300|   1982.90200|  2018.00000|  2015-02-19| 3.3979
NGC247   |00033469010|00 47 03.15|-20 44 36.4|2014-12-14T10:08:58|2018-03-19T00:00:00|  2147.93700|   2126.54000|  2161.00000|  2014-12-25| 1.6210
NGC247   |00033469005|00 46 59.10|-20 44 35.3|2014-11-09T14:14:59|2018-03-16T00:00:00|  1973.24000|   1950.59800|  1986.00000|  2014-11-20| 2.4401
NGC247   |00082125011|00 47 06.66|-20 44 32.9|2016-10-30T19:24:58|2016-11-09T00:00:00|   581.68700|    568.30500|   587.00000|  2016-11-10| 1.1615
NGC247ULX|00095158048|00 46 58.66|-20 44 29.8|2019-08-31T11:40:35|2019-09-10T00:00:00|   774.75000|    773.63900|   782.00000|  2019-09-11| 2.5721
NGC247   |00033469002|00 46 51.26|-20 44 28.5|2014-10-21T01:49:59|2018-03-15T00:00:00|  2225.42200|   2182.52100|  2251.00000|  2014-11-01| 4.2010
NGC247   |00033469004|00 47 00.15|-20 44 26.0|2014-11-03T01:45:58|2018-03-15T00:00:00|  2090.14600|   2066.79700|  2104.00000|  2014-11-14| 2.2961
NGC247ULX|00095158050|00 46 52.93|-20 44 24.0|2019-08-31T22:37:36|2019-09-10T00:00:00|  1311.31600|   1309.82800|  1317.00000|  2019-09-11| 3.8519
NGC247   |00033469042|00 47 02.45|-20 44 19.2|2019-12-26T00:11:36|2020-01-06T00:00:00|  1459.24400|   1457.08400|   763.00000|  2020-01-06| 1.9309
NGC247   |00033469008|00 47 02.17|-20 44 07.3|2014-11-30T07:20:59|2018-03-18T00:00:00|  2006.39300|   1985.01100|  2019.00000|  2014-12-11| 2.1171
NGC247   |00033469029|00 46 54.93|-20 43 47.8|2016-10-09T07:59:58|2016-10-19T00:00:00|  1857.90700|   1855.51700|  1871.00000|  2016-10-20| 3.6706
NGC247   |00033469016|00 47 07.20|-20 43 46.7|2015-01-26T07:20:59|2015-02-05T00:00:00|  1351.42400|   1328.46300|  1364.00000|  2015-02-06| 1.8724
NGC247   |00033469039|00 46 58.13|-20 43 40.1|2019-12-04T05:36:35|2019-12-14T00:00:00|   920.17800|    919.58300|   926.00000|  2019-12-15| 3.1236
NGC247   |00033469009|00 47 04.84|-20 43 38.3|2014-12-07T07:09:59|2018-03-18T00:00:00|  1985.78300|   1960.80300|  1997.00000|  2014-12-18| 2.1662
NGC247   |00033469035|00 46 50.45|-20 43 36.5|2017-10-25T03:28:57|2017-11-08T00:00:00|  2221.41000|   2142.86900|  2238.00000|  2017-11-05| 4.6875
NGC247   |00033469011|00 47 00.59|-20 43 30.0|2014-12-21T13:11:00|2018-03-19T00:00:00|  1968.37900|   1942.73200|  1980.00000|  2015-01-01| 2.8240

Number of rows:    100
Number of columns: 11


---- Messages ----
----
Info: Search Radius
Search radius: 25' from swiftmastr
----
----
Info: Name resolution
Position NGC 247 corresponds to J2000 decimal coordinates:11.785625 -20.760389
----
----
Note: Query Limit
Number of rows exceeds limit
----
