name                     |obsid      |ra         |dec        |start_time         |processing_date    |xrt_exposure|uvot_exposure|bat_exposure|archive_date|_offset
LSQ12heq                 |00032648001|03 33 00.65|-28 12 31.5|2012-12-18T00:07:59|2017-06-30T00:00:00|  1266.71700|   1246.33400|  1274.00000|  2012-12-29|21.5111
LSQ12heq                 |00032648003|03 33 00.98|-28 12 24.5|2012-12-20T14:53:59|2017-06-30T00:00:00|  1117.32300|   1095.76700|  1124.00000|  2012-12-31|21.4137
LSQ12heq                 |00032648002| 03 32 57.8|-28 12 20.9|2012-12-19T13:18:59|2017-06-30T00:00:00|  1052.47000|   1032.36100|  1059.00000|  2012-12-30|21.1752
CDFS3                    |00095741002|03 32 48.62|-28 09 58.4|2020-11-24T02:22:35|2020-12-04T00:00:00|  5019.67800|   5012.60900|  5043.00000|  2020-12-05|18.5382
LSQ12heq                 |00032648004| 03 33 01.7|-28 09 44.2|2012-12-21T16:17:00|2017-06-30T00:00:00|  1000.70600|    964.79600|  1013.00000|  2013-01-01|18.8287
CDFS3                    |00095741001|03 32 39.42|-28 09 42.9|2020-11-22T20:10:36|2020-12-02T00:00:00|  9802.98300|   9796.60300|  9855.00000|  2020-12-03|18.1523
CDFS3                    |00095741003|03 32 40.44|-28 09 17.9|2020-11-25T00:41:36|2020-12-05T00:00:00|  4636.01600|   4632.16100|  4656.00000|  2020-12-06|17.7388
CDFS2                    |00095740003|03 33 55.76|-28 08 30.5|2020-11-20T14:07:36|2020-11-30T00:00:00|  8088.16400|   8335.26100|  8395.00000|  2020-12-01|23.9986
Non-GRB (53.145, -27.983)|00033467002|03 32 34.80|-27 58 58.6|2014-10-06T04:30:32|2018-03-14T00:00:00|  4721.30300|   2233.14000|  4771.00000|  2014-10-17| 7.4654
CDFS1                    |00095739004| 03 34 04.1|-27 52 10.8|2020-11-18T03:05:35|2020-11-28T00:00:00|  1837.31800|   1834.38800|  1857.00000|  2020-11-29|18.8474
J0333.2-2752             |07009904001|03 33 10.30|-27 51 54.2|2017-08-18T20:56:17|2017-08-28T00:00:00|   498.08900|    496.72400|   504.00000|  2017-08-29| 6.9746
CDFS1                    |00095739001|03 34 15.55|-27 51 51.5|2020-11-14T00:32:35|2020-11-24T00:00:00|  3233.71800|   3228.65100|  3259.00000|  2020-11-25|21.3902
ECDF-S                   |00037172081|03 32 14.31|-27 51 12.2|2007-12-20T06:28:00|2015-08-28T00:00:00| 12471.96300|  12471.07300| 12672.00000|  2007-12-31| 5.4200
ECDF-S                   |00037172049|03 32 26.84|-27 51 06.3|2007-11-11T00:38:01|2015-08-03T00:00:00| 29926.49600|  29897.29300| 30313.00000|  2007-11-22| 2.6782
ECDF-S                   |00037172077|03 32 23.71|-27 50 59.3|2007-12-14T13:43:01|2015-08-05T00:00:00| 23776.64200|  23772.33700| 24114.00000|  2007-12-25| 3.3802
ECDF-S                   |00037172059|03 32 20.82|-27 50 58.9|2007-11-22T06:39:01|2015-08-04T00:00:00|  1815.79100|   1814.99300|  1852.00000|  2007-12-03| 4.0120
ECDF-S                   |00037172050|03 32 26.26|-27 50 57.7|2007-11-13T20:16:50|2015-08-03T00:00:00|  2392.63100|   2391.73800|  2447.00000|  2007-11-24| 2.8315
ECDF-S                   |00037172063|03 32 26.67|-27 50 54.5|2007-11-28T01:09:00|2015-08-04T00:00:00|  9370.01600|   8749.76900| 10190.00000|  2007-12-09| 2.7550
ECDF-S                   |00037172048|03 32 28.10|-27 50 54.5|2007-11-10T11:48:00|2015-08-03T00:00:00| 13617.14500|  13603.91000| 13738.00000|  2007-11-21| 2.4497
ECDF-S                   |00037172052|03 32 22.67|-27 50 46.4|2007-11-15T20:43:00|2015-08-03T00:00:00|  1429.91000|   1427.72600|  1465.00000|  2007-11-26| 3.6469
ECDF-S                   |00037172083|03 32 22.66|-27 50 46.3|2007-12-21T23:49:01|2015-08-28T00:00:00| 15991.27100|  15983.10700| 16241.00000|  2008-01-01| 3.6486
ECDF-S                   |00037172064|03 32 24.89|-27 50 45.7|2007-11-29T01:13:00|2015-08-04T00:00:00| 15150.00300|  15301.73600| 15854.00000|  2007-12-10| 3.1721
ECDF-S                   |00037172040|03 32 19.73|-27 50 40.1|2007-10-31T07:56:01|2015-08-03T00:00:00|   808.58600|    808.01800|   826.00000|  2007-11-11| 4.3055
ECDF-S                   |00037172039|03 32 09.47|-27 50 38.5|2007-10-30T01:32:01|2015-08-03T00:00:00|  5284.51700|   5263.43200|  5522.00000|  2007-11-10| 6.5432
ECDF-S                   |00037172051|03 32 24.38|-27 50 38.0|2007-11-14T20:12:00|2015-08-03T00:00:00|   887.49000|    887.11300|   920.00000|  2007-11-25| 3.3155
ECDF-S                   |00037172038|03 32 22.73|-27 50 37.2|2007-10-26T23:14:00|2015-08-03T00:00:00|  1511.89900|   1509.97600|  1528.00000|  2007-11-06| 3.6712
ECDF-S                   |00037172082|03 32 22.12|-27 50 37.0|2007-12-21T00:07:01|2015-08-28T00:00:00| 15857.94000|  15850.62300| 16103.00000|  2008-01-01| 3.8023
ECDF-S                   |00037172037|03 32 15.32|-27 50 35.5|2007-10-25T00:55:01|2015-08-03T00:00:00|  1424.13500|    496.77900|  1450.00000|  2007-11-05| 5.2754
ECDF-S                   |00037172047|03 32 24.68|-27 50 32.6|2007-11-09T00:40:01|2015-08-03T00:00:00| 10977.92300|  10966.29200| 11138.00000|  2007-11-20| 3.2783
Non-GRB (53.127, -27.842)|00033467001|03 32 30.40|-27 50 30.1|2014-10-05T19:53:34|2018-03-14T00:00:00|  4989.52600|   4939.42600|  5001.00000|  2014-10-16| 2.1342
ECDF-S                   |00037172060|03 32 19.61|-27 50 26.8|2007-11-23T00:42:00|2015-08-04T00:00:00|  1029.91000|   1161.78900|  1451.00000|  2007-12-04| 4.3818
ECDF-S                   |00037172069|03 32 24.79|-27 50 25.3|2007-12-06T03:05:01|2015-08-04T00:00:00|   553.43200|    554.23900|   571.00000|  2007-12-17| 3.2962
ECDF-S                   |00037172074|03 32 26.23|-27 50 22.8|2007-12-11T00:43:00|2015-08-04T00:00:00| 16488.20900|  16423.50800| 16750.00000|  2007-12-22| 3.0159
ECDF-S                   |00037172075|03 32 25.42|-27 50 19.4|2007-12-12T00:43:00|2015-08-05T00:00:00| 14625.05900|  14574.53200| 14828.00000|  2007-12-23| 3.2030
ECDF-S                   |00037172045|03 32 17.85|-27 50 16.9|2007-11-07T00:35:01|2015-08-03T00:00:00|  6370.55200|   6357.06900|  6559.00000|  2007-11-18| 4.8003
ECDF-S                   |00037172046|03 32 26.46|-27 50 15.2|2007-11-08T00:42:01|2015-08-03T00:00:00| 11213.14300|  11118.07200| 11392.00000|  2007-11-19| 3.0206
ECDF-S                   |00037172054|03 32 26.79|-27 50 13.9|2007-11-17T21:01:18|2015-08-04T00:00:00|   741.83700|    740.18800|   733.00000|  2007-11-28| 2.9659
ECDF-S                   |00037172062|03 32 24.53|-27 50 13.8|2007-11-27T01:06:00|2015-08-04T00:00:00| 13627.09200|  14065.13200| 14623.00000|  2007-12-08| 3.4206
ECDF-S                   |00037172085|03 32 24.18|-27 50 08.1|2007-12-24T00:02:01|2015-08-28T00:00:00| 19993.51400|  20225.16400| 20472.00000|  2008-01-04| 3.5283
ECDF-S                   |00037172087|03 32 21.83|-27 50 07.7|2007-12-26T00:33:01|2015-08-28T00:00:00| 19339.55300|  19331.23300| 19588.00000|  2008-01-06| 4.0120
ECDF-S                   |00037172090|03 32 20.49|-27 50 06.6|2007-12-29T00:35:01|2015-08-28T00:00:00|  3971.61300|   3960.87400|  4219.00000|  2008-01-09| 4.2954
ECDF-S                   |00037172056|03 32 28.28|-27 50 04.1|2007-11-19T00:16:00|2015-08-04T00:00:00|  3011.25400|   3628.20900|  3828.00000|  2007-11-30| 2.7593
ECDF-S                   |00037172044|03 32 25.72|-27 50 03.9|2007-11-06T00:39:01|2015-08-03T00:00:00|  5509.50100|   5501.51100|  5624.00000|  2007-11-17| 3.2525
ECDF-S                   |00037172086|03 32 20.10|-27 50 03.2|2007-12-25T00:08:00|2015-08-28T00:00:00| 17927.15300|  17924.58000| 18189.00000|  2008-01-05| 4.3950
ECDF-S                   |00037172065|03 32 25.65|-27 50 00.5|2007-11-30T07:29:01|2015-08-04T00:00:00| 20977.90700|  21359.47000| 21633.00000|  2007-12-11| 3.2928
ECDF-S                   |00037172043| 03 32 27.0|-27 49 59.2|2007-11-03T08:03:01|2015-08-03T00:00:00|  1802.73900|   1799.37000|  1835.00000|  2007-11-14| 3.0429
ECDF-S                   |00037172076|03 32 20.53|-27 49 58.4|2007-12-13T00:49:01|2015-08-05T00:00:00| 18850.85200|  18843.31300| 19104.00000|  2007-12-24| 4.3359
ECDF-S                   |00037172079|03 32 24.20|-27 49 54.4|2007-12-18T09:29:01|2015-08-28T00:00:00|  9613.25100|   9615.46500|  9470.00000|  2007-12-29| 3.6223
ECDF-S                   |00037172012|03 32 26.65|-27 49 54.2|2007-07-21T05:27:00|2015-07-17T00:00:00|   945.24400|    944.03200|   962.00000|  2007-08-01| 3.1525
ECDF-S                   |00037172041| 03 32 24.2|-27 49 52.6|2007-11-01T01:46:01|2015-08-03T00:00:00|   892.94900|    888.95600|   963.00000|  2007-11-12| 3.6721
ECDF-S                   |00037172010|03 32 25.29|-27 49 51.8|2007-07-19T15:13:01|2015-07-17T00:00:00|  1232.16300|   1230.38000|  1265.00000|  2007-07-30| 3.4327
ECDF-S                   |00037172009|03 32 25.25|-27 49 45.5|2007-07-18T00:18:01|2015-07-17T00:00:00|   931.38800|   1153.02900|  1170.00000|  2007-07-29| 3.4936
ECDF-S                   |00037172057| 03 32 16.8|-27 49 44.3|2007-11-20T00:25:01|2015-08-04T00:00:00|  2320.62800|   2794.14200|  2612.00000|  2007-12-01| 5.3396
ECDF-S                   |00037172003|03 32 26.99|-27 49 42.2|2007-07-11T09:22:00|2015-07-16T00:00:00|  5893.27400|   5887.53200|  5989.00000|  2007-07-22| 3.2012
ECDF-S                   |00037172073|03 32 24.15|-27 49 39.7|2007-12-10T06:52:00|2015-08-04T00:00:00| 15537.76200|  15479.39900| 15753.00000|  2007-12-21| 3.7513
ECDF-S                   |00037172071|03 32 23.42|-27 49 36.0|2007-12-07T22:45:00|2015-08-04T00:00:00| 13149.27700|  13294.38500| 13573.00000|  2007-12-18| 3.9209
ECDF-S                   |00037172089|03 32 19.20|-27 49 34.8|2007-12-28T00:27:01|2015-08-28T00:00:00|  3739.41200|   3456.76800|  3955.00000|  2008-01-08| 4.7596
CDFS1                    |00095739003| 03 33 56.6|-27 49 32.9|2020-11-17T03:12:36|2020-11-27T00:00:00|  7283.88300|   7274.29100|  7291.00000|  2020-11-28|17.2030
ECDF-S                   |00037172084|03 32 24.32|-27 49 29.7|2007-12-22T23:59:01|2015-08-28T00:00:00| 18122.14600|  18338.80000| 18595.00000|  2008-01-02| 3.8062
ECDF-S                   |00037172072| 03 32 25.2|-27 49 29.5|2007-12-09T02:07:00|2015-08-04T00:00:00| 16629.25400|  16529.44500| 16936.00000|  2007-12-20| 3.6797
ECDF-S                   |00037172061|03 32 24.99|-27 49 29.5|2007-11-24T18:12:01|2015-08-04T00:00:00|  9070.45500|   9670.56400|  9984.00000|  2007-12-05| 3.6838
ECDF-S                   |00037172088|03 32 22.74|-27 49 29.3|2007-12-27T03:44:01|2015-08-28T00:00:00| 11087.71200|  11089.71800| 11280.00000|  2008-01-07| 4.1074
ECDF-S                   |00037172001|03 32 25.94|-27 49 28.7|2007-07-07T16:56:01|2015-07-16T00:00:00|  3971.02200|   3966.21400|  4072.00000|  2007-07-18| 3.5208
ECDF-S                   |00037172070|03 32 24.39|-27 49 24.2|2007-12-07T06:35:00|2015-08-04T00:00:00| 14988.54500|  15072.60200| 15444.00000|  2007-12-18| 3.8443
ECDF-S                   |00037172068|03 32 24.34|-27 49 20.5|2007-12-05T17:31:00|2015-08-04T00:00:00|  4905.39800|   5018.14800|  5256.00000|  2007-12-16| 3.8882
ECDF-S                   |00037172055|03 32 11.30|-27 49 20.4|2007-11-18T09:44:01|2015-08-04T00:00:00|  2439.50900|   2312.93100|  2543.00000|  2007-11-29| 6.4691
ECDF-S                   |00037172080|03 32 23.61|-27 49 18.4|2007-12-19T04:35:01|2015-08-28T00:00:00| 17093.98300|  17092.28700| 17129.00000|  2007-12-30| 4.0407
ECDF-S                   |00037172025|03 32 26.74|-27 49 12.8|2007-08-03T16:38:01|2015-07-19T00:00:00|   967.80900|    966.45100|   983.00000|  2007-08-14| 3.5494
CDFS1                    |00095739002|03 34 11.39|-27 49 12.5|2020-11-15T18:09:35|2020-11-25T00:00:00|  3610.50000|   3603.70400|  3634.00000|  2020-11-26|20.6079
ECDF-S                   |00037172024|03 32 26.44|-27 49 10.6|2007-08-02T14:53:00|2015-07-19T00:00:00|  1645.95900|   1643.75100|  1676.00000|  2007-08-13| 3.6233
ECDF-S                   |00037172078|03 32 22.48|-27 49 02.2|2007-12-16T05:51:01|2015-08-05T00:00:00| 31785.51100|  31031.48900| 31934.00000|  2007-12-27| 4.3995
ECDF-S                   |00037172053|03 32 14.73|-27 48 59.0|2007-11-16T04:29:01|2015-08-03T00:00:00|  1271.56100|   1271.22400|  1307.00000|  2007-11-27| 5.9095
ECDF-S                   |00037172026|03 32 26.84|-27 48 56.6|2007-08-04T23:18:01|2015-07-19T00:00:00|   932.70900|    931.98400|   949.00000|  2007-08-15| 3.7188
ECDF-S                   |00037172022|03 32 25.78|-27 48 54.4|2007-07-31T16:29:00|2015-07-17T00:00:00|  1205.99600|   1203.12900|  1236.00000|  2007-08-11| 3.9133
ECDF-S                   |00037172067|03 32 25.51|-27 48 54.3|2007-12-04T12:44:00|2015-08-04T00:00:00|  4642.27800|   4639.62000|  4733.00000|  2007-12-15| 3.9579
ECDF-S                   |00037172029|03 32 26.73|-27 48 52.4|2007-08-07T01:12:01|2015-07-19T00:00:00|  1153.34300|   1150.30300|  1185.00000|  2007-08-18| 3.7851
ECDF-S                   |00037172030|03 32 45.62|-27 48 37.7|2007-08-08T21:56:01|2015-07-19T00:00:00|   478.48400|    477.00800|   494.00000|  2007-08-19| 3.3007
ECDF-S                   |00037172011|03 32 29.76|-27 48 37.4|2007-07-20T11:50:01|2015-07-17T00:00:00|  1025.47800|   1025.06900|  1042.00000|  2007-07-31| 3.5513
ECDF-S                   |00037172032|03 32 35.36|-27 48 30.3|2007-08-10T20:27:01|2015-07-19T00:00:00|   958.60800|    763.41200|  2952.00000|  2007-08-21| 3.1489
ECDF-S                   |00037172066|03 32 21.44|-27 48 30.2|2007-12-02T23:59:01|2015-08-04T00:00:00|  9568.83700|   9953.18500| 10110.00000|  2007-12-13| 4.9041
ECDF-S                   |00037172016|03 32 33.74|-27 48 27.6|2007-07-25T15:39:01|2015-07-17T00:00:00|  1113.23400|   1111.36800|  1128.00000|  2007-08-05| 3.2966
ECDF-S                   |00037172018|03 32 29.42|-27 48 18.3|2007-07-27T19:28:00|2015-07-17T00:00:00|  1183.21900|   1181.37200|  1234.00000|  2007-08-07| 3.8590
ECDF-S                   |00037172023|03 32 28.50|-27 48 17.8|2007-08-01T16:36:00|2015-07-19T00:00:00|  1318.82500|   1316.40400|  1351.00000|  2007-08-12| 3.9773
ECDF-S                   |00037172031|03 32 45.72|-27 48 15.2|2007-08-09T15:50:47|2015-07-19T00:00:00|   837.42600|    836.30600|   866.00000|  2007-08-20| 3.6468
ECDF-S                   |00037172019|03 32 30.57|-27 48 10.3|2007-07-28T19:34:01|2015-07-17T00:00:00|  1183.20900|   1180.34600|  1232.00000|  2007-08-08| 3.8455
ECDF-S                   |00037172027|03 32 33.66|-27 48 08.6|2007-08-05T06:56:00|2015-07-19T00:00:00|   756.83800|    814.34000|   848.00000|  2007-08-16| 3.6012
ECDF-S                   |00037172058|03 32 28.83|-27 48 06.5|2007-11-21T06:38:01|2015-08-04T00:00:00|  1247.31800|   1245.35200|  1282.00000|  2007-12-02| 4.0954
ECDF-S                   |00037172021| 03 32 46.9|-27 48 02.4|2007-07-30T07:58:00|2015-07-17T00:00:00|  1263.58900|   1262.11100|  1279.00000|  2007-08-10| 3.8752
ECDF-S                   |00037172015|03 32 30.78|-27 48 01.7|2007-07-24T01:03:01|2015-07-17T00:00:00|  2474.74100|   2470.43600|  2541.00000|  2007-08-04| 3.9510
ECDF-S                   |00037172013| 03 32 32.6|-27 47 57.3|2007-07-22T00:51:07|2015-07-17T00:00:00|     0.00000|      0.00000|    12.00000|  2007-08-02| 3.9007
ECDF-S                   |00037172008|03 32 45.12|-27 47 51.4|2007-07-17T00:13:00|2015-07-17T00:00:00|   916.73000|   1137.37300|  1155.00000|  2007-07-28| 3.9615
ECDF-S                   |00037172005|03 32 45.27|-27 47 44.5|2007-07-13T15:49:00|2015-07-16T00:00:00|  1311.16600|   1301.36600|  1391.00000|  2007-07-24| 4.0814
ECDF-S                   |00037172017|03 32 30.48|-27 47 42.9|2007-07-25T23:59:01|2015-07-17T00:00:00|  4527.13000|   4898.29600|  5088.00000|  2007-08-05| 4.2624
ECDF-S                   |00037172020| 03 32 36.8|-27 47 41.9|2007-07-29T01:26:00|2015-07-17T00:00:00|     0.00000|      0.00000|    12.00000|  2007-08-09| 3.9106
ECDF-S                   |00037172006|03 32 31.40|-27 47 39.4|2007-07-14T19:09:01|2015-07-16T00:00:00|     0.00000|      0.00000|    39.00000|  2007-07-25| 4.2332
ECDF-S                   |00037172002|03 32 27.59|-27 47 29.4|2007-07-10T19:17:01|2015-07-16T00:00:00|  1947.96900|   1940.72400|  2009.00000|  2007-07-21| 4.7650
ECDF-S                   |00037172028|03 32 38.43|-27 47 00.5|2007-08-06T23:29:01|2015-07-19T00:00:00|  1007.92700|   1005.50700|  1024.00000|  2007-08-17| 4.5547
ECDF-S                   |00037172004|03 32 43.74|-27 46 57.2|2007-07-11T23:59:00|2015-07-16T00:00:00|  2203.88300|   2423.88900|  2459.00000|  2007-07-22| 4.7372
4PBCJ0331.7-2734         |00085291001|03 31 43.41|-27 34 05.0|2014-11-14T09:36:59|2018-03-16T00:00:00|   115.32700|    114.01400|   121.00000|  2014-11-25|21.3455
4PBCJ0331.7-2734         |00085291004|03 31 42.17|-27 33 34.7|2014-11-22T22:24:58|2018-03-16T00:00:00|    35.07300|      0.00000|     0.00000|  2014-12-03|21.9181

Number of rows:    100
Number of columns: 11


---- Messages ----
----
Info: Search Radius
Search radius: 25' from swiftmastr
----
----
Info: Name resolution
Position CANDELS J033238.77-275133.7 corresponds to J2000 decimal coordinates:53.161575 -27.859375
----
----
Note: Query Limit
Number of rows exceeds limit
----
