name        |obsid      |ra         |dec       |start_time         |processing_date    |xrt_exposure|uvot_exposure|bat_exposure|archive_date|_offset
ASASSN-14LI |00094094009|12 47 58.92|17 41 55.5|2018-04-16T03:02:57|2018-04-26T00:00:00|  1597.15400|   1584.41500|  1603.00000|  2018-04-27| 5.9569
ASASSN-14LI |00094094010|12 47 57.10|17 41 59.5|2018-04-16T06:14:57|2018-04-26T00:00:00|  1597.15300|   1584.39300|  1603.00000|  2018-04-27| 6.1995
ASASSN-14LI |00094094012|12 48 01.97|17 42 02.1|2018-04-16T12:36:57|2018-04-26T00:00:00|  1536.97500|   1525.26900|  1543.00000|  2018-04-27| 5.4202
ASASSN-14LI |00094094005|12 48 07.20|17 42 46.9|2018-04-15T15:54:57|2018-04-25T00:00:00|  1493.15800|   1480.24300|  1499.00000|  2018-04-26| 4.1291
ASASSN-14LI |00094094002|12 48 05.29|17 42 50.6|2018-04-15T04:44:57|2018-04-25T00:00:00|  1613.16000|   1601.36200|  1620.00000|  2018-04-26| 4.3071
ASASSN-14LI |00094094011| 12 48 12.3|17 43 11.3|2018-04-16T09:24:57|2018-04-26T00:00:00|  1634.76100|   1623.47100|  1642.00000|  2018-04-27| 3.3398
BRUTUS6984_2|00033539029|12 48 26.94|17 43 15.7|2015-02-24T13:35:59|2015-03-06T00:00:00|  2479.70500|   2405.89400|  2497.00000|  2015-03-07| 4.2290
ASASSN-14LI |00094094003|12 48 07.17|17 43 25.3|2018-04-15T07:54:57|2018-04-25T00:00:00|  1613.00400|   1601.85800|  1620.00000|  2018-04-26| 3.5771
ASASSN-14LI |00094094004|12 48 02.49|17 43 26.5|2018-04-15T11:06:57|2018-04-25T00:00:00|  1613.16000|   1601.69300|  1620.00000|  2018-04-26| 4.2654
BRUTUS6984_2|00033539022|12 48 10.97|17 43 38.3|2015-01-31T23:58:59|2015-02-11T00:00:00|  2922.09300|   2988.63000|  3084.00000|  2015-02-11| 2.9805
ASASSN-14LI |00094094013|12 48 04.46|17 43 41.0|2018-04-16T15:47:57|2018-04-26T00:00:00|  1614.70200|   1602.70700|  1621.00000|  2018-04-27| 3.7668
BRUTUS6984_2|00033539089|12 48 25.67|17 43 41.9|2016-02-14T18:48:58|2016-02-24T00:00:00|  1812.80900|   1776.70800|  1826.00000|  2016-02-25| 3.7011
BRUTUS6984_2|00033539025|12 48 12.89|17 43 43.8|2015-02-12T18:33:59|2015-02-22T00:00:00|  1837.67100|   1770.79500|  1863.00000|  2015-02-23| 2.7677
ASASSN-14LI |00094094001|12 48 07.46|17 43 46.3|2018-04-15T00:17:24|2018-04-25T00:00:00|  1140.81800|   1128.01600|  1146.00000|  2018-04-26| 3.2484
ASASSN-14LI |00095140003|12 48 03.51|17 43 51.3|2019-04-12T19:12:34|2019-04-22T00:00:00|   396.23100|    380.81200|   409.00000|  2019-04-23| 3.8050
BRUTUS6984_2|00033539028|12 48 21.31|17 43 51.9|2015-02-21T20:07:59|2015-03-03T00:00:00|  2858.30500|   2782.40400|  2876.00000|  2015-03-04| 2.9538
BRUTUS6984_2|00033539041|12 48 14.84|17 43 54.3|2015-04-08T06:35:59|2015-04-18T00:00:00|  2043.41800|   2109.38400|  2157.00000|  2015-04-19| 2.5382
ASASSN-14LI |00094094006|12 48 04.42|17 44 03.3|2018-04-15T19:09:57|2018-04-25T00:00:00|  1652.31100|   1640.03200|  1659.00000|  2018-04-26| 3.5098
BRUTUS6984_2|00033539030|12 48 29.89|17 44 06.0|2015-02-27T21:13:58|2015-03-09T00:00:00|  3022.85300|   2901.60300|  3049.00000|  2015-03-10| 4.2015
ASASSN-14LI |00095140005|12 48 14.14|17 44 15.0|2019-04-23T05:20:35|2019-05-03T00:00:00|  1925.59600|   1849.76900|  1943.00000|  2019-05-04| 2.2063
BRUTUS6984_2|00033539098|12 48 04.50|17 44 20.9|2016-06-15T08:07:58|2016-06-25T00:00:00|  2004.85500|   1969.44200|  2018.00000|  2016-06-26| 3.3019
BRUTUS6984_2|00033539050|12 48 08.33|17 44 25.5|2015-05-08T05:09:59|2015-05-18T00:00:00|  2652.80800|   2614.81200|  2664.00000|  2015-05-19| 2.6001
BRUTUS6984_2|00033539090|12 48 21.31|17 44 28.8|2016-02-17T16:51:58|2016-02-27T00:00:00|  1959.86300|   1924.50500|  1971.00000|  2016-02-28| 2.4379
ASASSN-14LI |00095140004|12 48 17.79|17 44 35.5|2019-04-16T09:34:36|2019-04-27T00:00:00|  1910.59200|   1860.67900|  1923.00000|  2019-04-27| 1.9465
BRUTUS6984_2|00033539088| 12 48 12.1|17 44 39.7|2016-02-11T15:53:58|2016-02-21T00:00:00|   734.63100|    717.18400|   742.00000|  2016-02-22| 1.9385
BRUTUS6984_2|00033539046|12 48 11.45|17 44 39.8|2015-04-20T10:52:59|2015-04-30T00:00:00|  2222.14600|   2147.17200|  2240.00000|  2015-05-01| 1.9929
BRUTUS6984_2|00033539105|12 48 15.43|17 44 42.9|2017-03-21T11:45:57|2017-03-31T00:00:00|   958.02000|    933.63900|   965.00000|  2017-04-01| 1.7259
BRUTUS6984_2|00033539033|12 48 15.34|17 44 47.6|2015-03-08T08:04:59|2015-03-18T00:00:00|  2868.34400|   2813.94700|  2878.00000|  2015-03-19| 1.6482
ASASSN-14LI |00094094022|12 47 57.98|17 44 53.5|2018-04-17T18:56:57|2018-04-27T00:00:00|  1612.19400|   1599.24300|  1618.00000|  2018-04-28| 4.3906
ASASSN-14LI |00094094023|12 48 14.12|17 44 55.1|2018-04-17T22:43:44|2018-04-27T00:00:00|     2.61000|      0.91600|     8.00000|  2018-04-28| 1.5449
ASASSN-14LI |00094094020|12 48 09.19|17 44 57.4|2018-04-17T12:41:56|2018-04-27T00:00:00|  1742.57400|   1730.93300|  1749.00000|  2018-04-28| 2.0669
BRUTUS6984_2|00033539055|12 48 04.23|17 45 05.9|2015-06-06T00:37:44|2015-06-16T00:00:00|   693.99400|    668.52900|   713.00000|  2015-06-17| 2.9435
BRUTUS6984_2|00033539061|12 48 00.95|17 45 06.4|2015-06-27T08:55:59|2015-07-07T00:00:00|  1306.30400|   1288.20400|  1312.00000|  2015-07-08| 3.6525
BRUTUS6984_2|00033539043|12 48 14.91|17 45 08.9|2015-04-14T03:08:59|2015-04-24T00:00:00|  2413.24300|   2378.04700|  2426.00000|  2015-04-25| 1.2955
BRUTUS6984_2|00033539042|12 48 05.91|17 45 15.6|2015-04-11T12:51:59|2015-04-21T00:00:00|  2234.04300|   2197.97900|  2247.00000|  2015-04-22| 2.5146
BRUTUS6984_2|00033539048|12 48 03.77|17 45 16.8|2015-04-27T07:19:59|2015-05-07T00:00:00|  2230.92700|   2197.09500|  2245.00000|  2015-05-08| 2.9647
ASASSN-14LI |00095140002|12 48 05.11|17 45 17.0|2019-04-09T16:16:35|2019-04-19T00:00:00|   648.89500|    623.24900|   660.00000|  2019-04-20| 2.6741
BRUTUS6984_2|00033539040|12 48 18.45|17 45 18.7|2015-04-05T16:18:59|2015-04-15T00:00:00|  2266.58700|   2228.33000|  1696.00000|  2015-04-16| 1.3648
BRUTUS6984_2|00033539035|12 48 08.37|17 45 23.7|2015-03-21T09:15:59|2015-03-31T00:00:00|  2125.69300|   2058.10200|  2151.00000|  2015-04-01| 1.9407
BRUTUS6984_2|00033539095|12 48 11.14|17 45 27.8|2016-06-06T10:49:58|2016-06-16T00:00:00|   476.38100|    459.14700|   482.00000|  2016-06-17| 1.3808
BRUTUS6984_2|00033539053|12 48 04.21|17 45 31.4|2015-05-31T00:47:59|2015-06-10T00:00:00|  1952.67000|   1900.97200|  1970.00000|  2015-06-11| 2.7790
BRUTUS6984_2|00033539060|12 48 05.23|17 45 33.9|2015-06-21T15:44:58|2015-07-01T00:00:00|  2305.36100|   2240.43400|  2329.00000|  2015-07-02| 2.5374
BRUTUS6984_2|00033539078|12 48 09.23|17 45 36.3|2015-12-19T12:49:58|2015-12-29T00:00:00|  1845.35000|   1812.99700|  1861.00000|  2015-12-30| 1.6551
BRUTUS6984_2|00033539051|12 48 05.14|17 45 38.9|2015-05-11T09:51:59|2015-05-21T00:00:00|  2499.31200|   2444.20100|  2516.00000|  2015-05-22| 2.5288
BRUTUS6984_2|00033539096|12 48 04.16|17 45 40.5|2016-06-07T08:41:58|2016-06-17T00:00:00|  1445.37000|   1410.38200|  1458.00000|  2016-06-18| 2.7439
BRUTUS6984_2|00033539097| 12 48 04.3|17 45 42.9|2016-06-11T02:10:58|2016-06-21T00:00:00|  1823.32400|   1790.98600|  1837.00000|  2016-06-22| 2.7649
BRUTUS6984_2|00033539104|12 48 15.30|17 45 43.0|2017-03-16T13:26:56|2017-03-26T00:00:00|  1033.00600|   1008.23100|  1040.00000|  2017-03-27| 0.7252
BRUTUS6984_2|00033539057|12 48 04.86|17 45 44.6|2015-06-12T22:59:58|2015-06-22T00:00:00|  1671.23200|   1616.90700|  1686.00000|  2015-06-23| 2.5663
BRUTUS6984_2|00033539045|12 48 12.37|17 45 46.6|2015-04-17T04:41:58|2015-04-27T00:00:00|  1775.23600|   1723.41000|  1185.00000|  2015-04-28| 0.9513
BRUTUS6984_2|00033539087|12 48 14.50|17 45 47.7|2016-02-09T17:12:57|2016-02-19T00:00:00|  1996.19300|   1962.48000|  2009.00000|  2016-02-20| 0.6690
BRUTUS6984_2|00033539034| 12 48 14.1|17 45 47.7|2015-03-18T09:13:59|2015-03-28T00:00:00|  1476.94500|   1451.01600|  1026.00000|  2015-03-29| 0.7077
BRUTUS6984_2|00033539054|12 48 01.75|17 45 47.7|2015-06-03T02:14:59|2015-06-13T00:00:00|  1852.88600|   1816.60300|  1864.00000|  2015-06-14| 3.2748
ASASSN-14LI |00094094021|12 48 11.63|17 45 50.7|2018-04-17T15:51:57|2018-04-27T00:00:00|  1098.19500|   1085.01100|  1103.00000|  2018-04-28| 1.0438
BRUTUS6984_2|00033539032|12 48 19.12|17 45 51.3|2015-03-05T21:02:06|2015-03-15T00:00:00|  2223.50500|   2173.27700|  2236.00000|  2015-03-16| 1.0956
BRUTUS6984_2|00033539066|12 48 05.10|17 45 51.8|2015-08-04T19:36:58|2015-08-14T00:00:00|  2278.63900|   2209.67200|  2297.00000|  2015-08-15| 2.4806
BRUTUS6984_2|00033539091|12 48 03.71|17 45 51.8|2016-05-11T18:34:57|2016-05-21T00:00:00|  2128.69300|   2038.67500|  2140.00000|  2016-05-22| 2.8043
BRUTUS6984_2|00033539049| 12 48 03.9|17 45 55.0|2015-05-05T13:18:59|2015-05-15T00:00:00|  2326.77900|   2292.22100|  2340.00000|  2015-05-16| 2.9376
ASASSN-14LI |00094094014|12 48 00.45|17 45 57.4|2018-04-16T19:02:57|2018-04-26T00:00:00|  1612.19300|   1598.91200|  1618.00000|  2018-04-27| 3.5511
BRUTUS6984_2|00033539103|12 48 15.31|17 45 57.5|2017-03-14T20:11:57|2017-03-24T00:00:00|  1881.20100|   1831.17800|  1893.00000|  2017-03-25| 0.4837
BRUTUS6984_2|00033539038|12 48 11.77|17 45 58.8|2015-03-30T21:22:59|2015-04-09T00:00:00|  2452.13700|   2415.51500|  2464.00000|  2015-04-10| 0.9448
BRUTUS6984_2|00033539093|12 48 05.77|17 46 02.0|2016-05-18T16:30:58|2016-05-28T00:00:00|  2083.56200|   2008.85200|  2114.00000|  2016-05-29| 2.2881
BRUTUS6984_2|00033539081|12 48 20.48|17 46 07.2|2016-01-21T14:05:08|2016-01-31T00:00:00|   109.80300|      0.00000|     0.00000|  2016-02-01| 1.2896
ASASSN-14LI |00095140001|12 48 12.59|17 46 09.4|2019-04-02T01:22:34|2019-04-12T00:00:00|  1667.34600|   1575.53200|  1685.00000|  2019-04-13| 0.6899
BRUTUS6984_2|00033539069|12 48 09.66|17 46 10.5|2015-11-14T16:47:30|2015-11-24T00:00:00|  3264.50600|   3212.99600|  3276.00000|  2015-11-25| 1.3535
BRUTUS6984_2|00033539076|12 48 28.91|17 46 11.2|2015-12-13T19:47:58|2015-12-23T00:00:00|  2479.54600|   2441.74100|  2491.00000|  2015-12-24| 3.2665
BRUTUS6984_2|00033539094|12 48 03.14|17 46 12.3|2016-06-03T15:28:58|2016-06-13T00:00:00|  1740.05700|   1705.20400|  1587.00000|  2016-06-14| 2.8875
BRUTUS6984_2|00033539036|12 49 02.19|17 46 13.5|2015-03-24T05:54:35|2015-04-03T00:00:00|  1204.45300|    435.21600|  1218.00000|  2015-04-04|11.1812
BRUTUS6984_2|00033539018|12 48 19.19|17 46 14.7|2015-01-20T05:20:59|2015-01-30T00:00:00|  1949.42500|   1875.99300|  1629.00000|  2015-01-31| 0.9632
BRUTUS6984_2|00033539019|12 48 20.40|17 46 15.0|2015-01-23T13:10:59|2015-02-02T00:00:00|  2334.43400|   2282.43700|  2347.00000|  2015-02-03| 1.2444
ASASSN-14LI |00095140007|12 47 59.93|17 46 19.2|2019-05-07T02:32:35|2019-05-17T00:00:00|  2133.70000|   2056.55700|  2150.00000|  2019-05-18| 3.6457
ASASSN-14LI |00095140008|12 48 05.91|17 46 21.9|2019-05-13T13:08:36|2019-05-23T00:00:00|  2071.00500|   2027.13300|  2084.00000|  2019-05-24| 2.2207
BRUTUS6984_2|00033539077|12 48 16.15|17 46 24.5|2015-12-16T05:01:57|2015-12-26T00:00:00|  2216.44500|   2179.04600|  2227.00000|  2015-12-27| 0.2215
BRUTUS6984_2|00033539052|12 48 04.85|17 46 29.0|2015-05-14T08:18:59|2015-05-24T00:00:00|  1669.89500|   1618.14300|  1691.00000|  2015-05-25| 2.4727
BRUTUS6984_2|00033539070|12 48 16.99|17 46 29.2|2015-11-25T19:15:58|2015-12-05T00:00:00|  2164.96100|   2128.12800|  2177.00000|  2015-12-06| 0.4218
BRUTUS6984_2|00033539037|12 48 12.90|17 46 29.5|2015-03-27T18:20:05|2015-04-06T00:00:00|  2231.10200|   2178.59300|  2269.00000|  2015-04-07| 0.5571
BRUTUS6984_2|00033539013|12 48 21.82|17 46 29.9|2015-01-03T22:01:09|2015-01-13T00:00:00|    91.66000|      0.00000|     3.00000|  2015-01-14| 1.5692
ASASSN-14LI |00094094007| 12 48 03.7|17 46 30.1|2018-04-15T22:28:57|2018-04-25T00:00:00|  1599.65900|   1588.23300|  1606.00000|  2018-04-26| 2.8951
BRUTUS6984_2|00033539085|12 48 19.77|17 46 31.5|2016-02-04T23:58:57|2016-02-15T00:00:00|   686.97500|    788.34600|   835.00000|  2016-02-15| 1.0829
BRUTUS6984_2|00033539007|12 48 21.17|17 46 32.4|2014-12-16T06:04:59|2018-03-22T00:00:00|  2955.54100|   2903.07000|  2966.00000|  2014-12-27| 1.4165
BRUTUS6984_2|00033539027|12 48 17.85|17 46 32.8|2015-02-18T16:43:59|2015-02-28T00:00:00|  2492.25500|   2445.50100|  2504.00000|  2015-03-01| 0.6315
ASASSN-14LI |00094094015|12 48 02.71|17 46 34.5|2018-04-16T22:34:57|2018-04-26T00:00:00|   972.82800|    960.21700|   977.00000|  2018-04-27| 2.9850
ASASSN-14LI |00094094017|12 47 58.87|17 46 39.3|2018-04-17T03:05:57|2018-04-27T00:00:00|  1647.30000|   1632.17700|  1653.00000|  2018-04-28| 3.9018
BRUTUS6984_2|00033539056|12 48 03.45|17 46 39.5|2015-06-09T02:10:59|2015-06-19T00:00:00|  1139.05300|   1055.77300|   947.00000|  2015-06-20| 2.8129
BRUTUS6984_2|00033539047| 12 48 07.2|17 46 39.6|2015-04-24T02:41:58|2015-05-04T00:00:00|  1448.29700|   1411.18700|  1460.00000|  2015-05-05| 1.9680
BRUTUS6984_2|00033539062|12 48 00.75|17 46 41.9|2015-06-30T18:20:59|2015-07-10T00:00:00|  1841.92900|   1808.81400|  1856.00000|  2015-07-11| 3.4573
BRUTUS6984_2|00033539011|12 48 18.95|17 46 42.4|2014-12-28T12:06:59|2018-03-19T00:00:00|  3179.39600|   3106.35100|  3198.00000|  2015-01-08| 0.9251
ASASSN-14LI |00094094019|12 48 08.85|17 46 44.9|2018-04-17T09:26:56|2018-04-27T00:00:00|  1697.44700|   1683.86600|  1702.00000|  2018-04-28| 1.5501
BRUTUS6984_2|00033539005|12 48 17.94|17 46 45.1|2014-12-10T14:15:59|2018-03-18T00:00:00|  2903.44500|   2850.61800|  2916.00000|  2014-12-21| 0.7152
ASASSN-14LI |00094094018|12 48 07.74|17 46 46.5|2018-04-17T06:18:57|2018-04-27T00:00:00|  1697.44700|   1684.31800|  1703.00000|  2018-04-28| 1.8152
BRUTUS6984_2|00033539017|12 48 22.23|17 46 47.2|2015-01-17T00:36:59|2015-01-27T00:00:00|  2807.74200|   2732.35900|  2827.00000|  2015-01-28| 1.7012
BRUTUS6984_2|00033539059|12 48 01.85|17 46 49.6|2015-06-18T19:16:58|2015-06-28T00:00:00|  2168.81700|   2133.06000|  2181.00000|  2015-06-29| 3.2094
BRUTUS6984_2|00033539012|12 48 23.92|17 46 50.8|2014-12-31T16:55:59|2018-03-19T00:00:00|  2775.69200|   2722.82400|  2788.00000|  2015-01-11| 2.1072
BRUTUS6984_2|00033539084|12 48 15.25|17 46 51.1|2016-01-30T11:33:58|2016-02-09T00:00:00|  2131.90600|   2061.79900|  2158.00000|  2016-02-10| 0.4104
BRUTUS6984_2|00033539092|12 47 59.39|17 46 55.5|2016-05-14T11:58:58|2016-05-24T00:00:00|  2351.84300|   2301.44600|  2367.00000|  2016-05-25| 3.8030
BRUTUS6984_2|00033539086|12 48 20.33|17 46 55.9|2016-02-08T11:05:58|2016-02-18T00:00:00|   421.21900|    402.02800|   427.00000|  2016-02-19| 1.3104
BRUTUS6984_2|00033539065|12 48 01.81|17 46 58.4|2015-08-02T08:33:58|2015-08-12T00:00:00|  2359.37700|   2306.48700|  2380.00000|  2015-08-13| 3.2392
BRUTUS6984_2|00033539001|12 48 11.83|17 46 59.2|2014-11-30T10:05:59|2018-03-18T00:00:00|  2963.69200|   2932.25100|  3001.00000|  2014-12-11| 0.9763
BRUTUS6984_2|00033539080|12 48 15.93|17 47 01.9|2015-12-27T04:45:22|2016-01-06T00:00:00|   536.55600|    525.06700|   543.00000|  2016-01-07| 0.6143
BRUTUS6984_2|00033539016|12 48 21.57|17 47 02.2|2015-01-14T00:56:12|2015-01-24T00:00:00|  2083.55700|   2017.04800|  2103.00000|  2015-01-25| 1.6216
BRUTUS6984_2|00033539014|12 48 20.19|17 47 04.2|2015-01-07T07:26:59|2015-01-17T00:00:00|  3788.82500|   3714.78400|  3193.00000|  2015-01-18| 1.3367
BRUTUS6984_2|00033539009|12 48 23.39|17 47 04.4|2014-12-22T01:18:59|2018-03-19T00:00:00|  3134.12900|   3084.13100|  3147.00000|  2015-01-02| 2.0418
BRUTUS6984_2|00033539058|12 48 02.59|17 47 04.8|2015-06-15T11:30:44|2015-06-25T00:00:00|   178.01000|    175.86500|   186.00000|  2015-06-26| 3.0771
BRUTUS6984_2|00033539020|12 48 13.90|17 47 10.1|2015-01-26T17:55:59|2015-02-05T00:00:00|  2497.24000|   2428.05900|  2519.00000|  2015-02-06| 0.7933
BRUTUS6984_2|00033539015|12 48 25.61|17 47 10.1|2015-01-11T00:49:59|2015-01-21T00:00:00|  1687.39800|   1637.66000|  1708.00000|  2015-01-22| 2.5760
BRUTUS6984_2|00033539039|12 48 14.19|17 47 10.6|2015-04-02T02:04:58|2015-04-12T00:00:00|  1599.65100|   1566.59700|  1613.00000|  2015-04-13| 0.7767
BRUTUS6984_2|00033539068| 12 48 10.9|17 47 11.6|2015-08-12T20:43:58|2015-08-22T00:00:00|  2391.03300|   2353.87400|  2402.00000|  2015-08-23| 1.4358
BRUTUS6984_2|00033539079|12 48 18.70|17 47 12.9|2015-12-22T01:44:28|2016-01-01T00:00:00|  1937.80300|   1894.57300|  1956.00000|  2016-01-02| 1.1321
BRUTUS6984_2|00033539008| 12 48 24.9|17 47 16.8|2014-12-19T18:58:59|2018-03-19T00:00:00|  3056.39800|   3016.00400|  3082.00000|  2014-12-30| 2.2690
BRUTUS6984_2|00033539024|12 48 17.90|17 47 18.8|2015-02-06T18:58:59|2015-02-16T00:00:00|  2573.14500|   2498.35100|  2592.00000|  2015-02-17| 1.0802
ASASSN-14LI |00095140006|12 48 07.17|17 47 19.2|2019-04-30T06:34:35|2019-05-10T00:00:00|   999.26100|    943.18200|  1018.00000|  2019-05-11| 2.1111
BRUTUS6984_2|00033539010|12 48 17.12|17 47 24.6|2014-12-25T01:09:59|2018-03-19T00:00:00|  2839.66100|   2785.87700|  2851.00000|  2015-01-05| 1.0672
BRUTUS6984_2|00033539082|12 48 10.41|17 47 31.4|2016-01-24T10:37:58|2016-02-03T00:00:00|  1773.87700|   1712.05400|  1795.00000|  2016-02-04| 1.5777
BRUTUS6984_2|00033539067|12 48 11.67|17 47 45.4|2015-08-08T01:51:58|2015-08-18T00:00:00|  2436.05700|   2401.12700|  2449.00000|  2015-08-19| 1.5655
BRUTUS6984_2|00033539100|12 48 17.14|17 47 48.3|2017-03-07T14:16:57|2017-03-17T00:00:00|   608.16700|    584.09500|   614.00000|  2017-03-18| 1.4378
BRUTUS6984_2|00033539101|12 48 13.80|17 47 49.2|2017-03-08T09:29:56|2017-03-18T00:00:00|  1917.97500|   1867.41200|  1930.00000|  2017-03-19| 1.4202
BRUTUS6984_2|00033539004|12 48 13.97|17 47 53.1|2014-12-07T05:20:41|2018-03-18T00:00:00|  2963.76800|   2949.45300|  3001.00000|  2014-12-18| 1.4755
BRUTUS6984_2|00033539064|12 48 06.13|17 47 53.2|2015-07-27T08:53:58|2015-08-06T00:00:00|   958.18300|    940.39000|   965.00000|  2015-08-07| 2.6056
BRUTUS6984_2|00033539006|12 48 18.38|17 47 55.2|2014-12-13T02:59:59|2018-03-18T00:00:00|  1203.49000|   1163.09000|  1215.00000|  2014-12-24| 1.6574
BRUTUS6984_2|00033539003|12 48 11.87|17 47 55.9|2014-12-04T06:25:59|2018-03-18T00:00:00|  3008.76600|   2955.75300|  3021.00000|  2014-12-15| 1.6919
BRUTUS6984_2|00033539021| 12 48 24.8|17 47 58.4|2015-01-29T11:01:58|2015-02-08T00:00:00|  2350.47500|   2275.40800|  2369.00000|  2015-02-09| 2.6050
BRUTUS6984_2|00033539023|12 48 23.52|17 47 59.6|2015-02-04T12:23:59|2015-02-14T00:00:00|  2918.48500|   2868.81200|  2935.00000|  2015-02-15| 2.5097
BRUTUS6984_2|00033539074| 12 48 18.9|17 48 04.3|2015-12-07T21:47:58|2015-12-17T00:00:00|  2504.11300|   2465.31600|  2514.00000|  2015-12-18| 1.7666
BRUTUS6984_2|00033539026|12 48 12.31|17 48 04.4|2015-02-15T18:24:59|2015-02-25T00:00:00|  1587.12100|   1560.83700|  1593.00000|  2015-02-26| 1.7746
BRUTUS6984_2|00033539063|12 48 00.55|17 48 12.6|2015-07-23T05:52:58|2015-08-02T00:00:00|  2012.83100|   1958.55300|  2031.00000|  2015-08-03| 3.9168
BRUTUS6984_2|00033539102|12 48 10.53|17 48 18.3|2017-03-09T17:25:58|2017-03-19T00:00:00|  1694.92600|   1645.00800|  1710.00000|  2017-03-20| 2.1740
BRUTUS6984_2|00033539099| 12 48 22.6|17 48 18.7|2016-11-26T00:00:58|2016-12-06T00:00:00|  2419.24200|   2455.79500|  2504.00000|  2016-12-07| 2.4786
BRUTUS6984_2|00033539073|12 48 17.69|17 48 20.2|2015-12-04T04:13:58|2015-12-14T00:00:00|  1980.72500|   1945.65600|  1992.00000|  2015-12-15| 1.9838
BRUTUS6984_2|00033539002|12 48 16.57|17 48 25.7|2014-12-02T20:59:58|2018-03-18T00:00:00|  2822.92700|   2773.11200|  2836.00000|  2014-12-13| 2.0127
BRUTUS6984_2|00033539071|12 48 15.29|17 48 28.8|2015-11-28T15:45:57|2015-12-08T00:00:00|  2480.64500|   2441.70600|  2494.00000|  2015-12-09| 2.0383
BRUTUS6984_2|00033539075|12 48 12.79|17 50 05.4|2015-12-10T21:25:58|2015-12-20T00:00:00|  2502.44800|   2465.20600|  2515.00000|  2015-12-21| 3.6949
BRUTUS6984_2|00033539072|12 48 09.78|17 51 35.4|2015-12-01T07:41:58|2015-12-11T00:00:00|  2451.62200|   2415.60300|  2465.00000|  2015-12-12| 5.3100

Number of rows:    131
Number of columns: 11


---- Messages ----
----
Info: Search Radius
Search radius: 25' from swiftmastr
----
----
Info: Name resolution
Position ASASSN-14li corresponds to J2000 decimal coordinates:192.063464 17.774016
----
