name                    |obsid      |ra         |dec        |start_time         |processing_date    |xrt_exposure|uvot_exposure|bat_exposure|archive_date|_offset
2016ezh                 |00034704007|01 57 52.98|-00 57 07.2|2016-09-22T09:25:58|2016-10-02T00:00:00|  1901.20900|   1852.36100|  1916.00000|  2016-10-03| 5.5920
2016ezh                 |00034704009|01 58 11.37|-00 56 51.8|2016-09-28T20:22:58|2016-10-08T00:00:00|  1246.25700|   1197.51300|  1257.00000|  2016-10-09| 4.7937
2016ezh                 |00034704043|01 57 54.11|-00 56 45.4|2017-07-22T00:21:57|2017-08-01T00:00:00|  2664.36000|   2588.76300|  2684.00000|  2017-08-02| 5.1348
ANON-2016EZH            |00095183001|01 58 06.15|-00 56 43.6|2019-07-10T11:38:35|2019-07-20T00:00:00|  1543.17400|   1521.95700|  1554.00000|  2019-07-21| 4.3754
2016ezh                 |00034704073|01 58 06.57|-00 56 11.2|2019-07-19T03:10:36|2019-07-29T00:00:00|  2094.45400|   2044.13500|  2109.00000|  2019-07-30| 3.8484
2016ezh                 |00034704049|01 57 56.39|-00 56 09.2|2017-10-18T08:47:57|2017-10-28T00:00:00|  1707.46500|   1672.65700|  1718.00000|  2017-10-29| 4.3265
2016ezh                 |00034704011| 01 58 14.4|-00 56 08.2|2016-10-07T11:14:58|2016-10-17T00:00:00|  1827.82100|   1779.35600|  1841.00000|  2016-10-18| 4.4293
2016ezh                 |00034704044|01 58 12.58|-00 55 16.6|2017-07-24T00:09:57|2017-08-03T00:00:00|  1928.09700|   1960.29500|  2023.00000|  2017-08-04| 3.5086
2016ezh                 |00034704045| 01 58 10.2|-00 55 15.5|2017-08-03T02:27:57|2017-08-13T00:00:00|  2108.64000|   2058.61100|  2120.00000|  2017-08-14| 3.1791
2016ezh                 |00034704006|01 58 09.22|-00 54 56.1|2016-09-16T17:59:58|2016-09-26T00:00:00|  2006.17600|   1954.78000|  2018.00000|  2016-09-27| 2.8025
2016ezh                 |00034704010|01 58 18.61|-00 54 20.9|2016-10-02T16:38:58|2016-10-12T00:00:00|  1780.17700|   1728.12900|  1792.00000|  2016-10-13| 3.9926
2016ezh                 |00034704004|01 58 09.32|-00 54 05.4|2016-09-10T23:11:58|2016-09-20T00:00:00|  1376.50900|   1349.86600|  1381.00000|  2016-09-21| 2.0689
2016ezh                 |00034704047|01 58 04.36|-00 54 02.7|2017-08-22T18:41:57|2017-09-01T00:00:00|  2899.18000|   2824.87800|  2919.00000|  2017-09-02| 1.6827
2016ezh                 |00034704064|01 58 10.95|-00 53 56.6|2018-08-08T00:23:57|2018-08-18T00:00:00|  1944.04200|   1869.85900|  1965.00000|  2018-08-19| 2.2122
2016ezh                 |00034704063|01 58 12.32|-00 53 53.6|2018-07-27T17:10:57|2018-08-06T00:00:00|  2081.12900|   2032.05400|  2096.00000|  2018-08-07| 2.4325
2016ezh                 |00034704066|01 58 01.35|-00 53 52.9|2018-09-20T01:09:56|2018-09-30T00:00:00|  1471.13900|   1395.98400|  1488.00000|  2018-10-01| 1.7384
2016ezh                 |00034704061|01 58 13.45|-00 53 51.5|2018-07-03T00:05:58|2018-07-13T00:00:00|  2191.28300|   2091.58800|  2218.00000|  2018-07-14| 2.6378
2016ezh                 |00034704013|01 57 50.38|-00 53 48.2|2016-10-29T09:29:58|2016-11-08T00:00:00|  1623.02500|   1602.65200|  1630.00000|  2016-11-09| 3.8690
2016ezh                 |00034704046|01 58 08.50|-00 53 47.8|2017-08-05T18:30:45|2017-08-15T00:00:00|  2679.76000|   2626.95000|  2693.00000|  2017-08-16| 1.7119
2016ezh                 |00034704060| 01 58 06.7|-00 53 47.4|2018-06-20T23:58:57|2018-07-01T00:00:00|  1742.93200|   1897.21000|  1959.00000|  2018-07-01| 1.4635
2016ezh                 |00034704040|01 58 06.54|-00 53 46.6|2017-07-08T15:49:57|2017-07-19T00:00:00|  2726.60800|   2650.49300|  2747.00000|  2017-07-19| 1.4820
2016ezh                 |00034704015|01 58 05.18|-00 53 16.8|2016-11-15T05:00:58|2016-11-25T00:00:00|  1238.04600|   1211.86600|  1242.00000|  2016-11-26| 0.9220
2016ezh                 |00034704029|01 58 03.13|-00 53 05.0|2017-01-17T03:13:47|2017-01-27T00:00:00|   484.05300|    469.23100|   491.00000|  2017-01-28| 0.8249
2016ezh                 |00034704078|01 57 56.81|-00 53 03.0|2019-11-19T01:01:34|2019-11-29T00:00:00|   687.11900|    662.96700|     0.00000|  2019-11-30| 2.0987
2016ezh                 |00034704050|01 58 02.62|-00 53 02.4|2017-10-30T18:48:57|2017-11-09T00:00:00|  2136.21400|   2088.60900|  2150.00000|  2017-11-10| 0.8600
2016ezh                 |00034704038|01 58 08.67|-00 53 00.7|2017-06-24T22:11:57|2017-07-04T00:00:00|  1993.39100|   1943.12800|  2006.00000|  2017-07-05| 1.1742
2016ezh                 |00034704037|01 58 18.26|-00 52 53.5|2017-06-14T19:48:57|2017-06-24T00:00:00|  1835.33200|   1786.31700|  1848.00000|  2017-06-25| 3.4171
2016ezh                 |00034704051|01 57 51.90|-00 52 51.9|2017-11-11T09:51:57|2017-11-21T00:00:00|  1890.50300|   1840.90900|  1903.00000|  2017-11-22| 3.2497
2016ezh                 |00034704025|01 57 55.95|-00 52 51.5|2016-12-28T14:16:58|2017-01-07T00:00:00|  2199.03300|   2149.87500|  2211.00000|  2017-01-08| 2.2548
2016ezh                 |00034704077|01 57 49.56|-00 52 49.6|2019-10-22T01:49:34|2019-11-01T00:00:00|   843.02300|    818.65300|   850.00000|  2019-11-02| 3.8245
2016ezh                 |00034704005|01 58 05.81|-00 52 46.4|2016-09-13T05:33:26|2016-09-23T00:00:00|  1361.00800|   1325.20700|  1373.00000|  2016-09-24| 0.4868
2016ezh                 |00034704039|01 58 13.56|-00 52 38.6|2017-07-04T06:52:56|2017-07-14T00:00:00|  2258.28600|   2165.34400|  2298.00000|  2017-07-15| 2.2195
2016ezh                 |00034704056|01 57 51.98|-00 52 34.4|2018-01-22T11:51:57|2018-02-01T00:00:00|   773.01200|    748.36300|   780.00000|  2018-02-02| 3.1988
2016ezh                 |00034704057|01 57 52.19|-00 52 34.0|2018-01-26T14:31:57|2018-02-05T00:00:00|  1562.03800|   1513.57200|  1575.00000|  2018-02-06| 3.1471
2016ezh                 |00034704052|01 57 54.94|-00 52 33.3|2017-12-13T10:19:57|2017-12-23T00:00:00|  2137.27100|   2064.97600|  2156.00000|  2017-12-24| 2.4602
2016ezh                 |00034704081|01 57 55.66|-00 52 30.6|2019-12-03T20:05:35|2019-12-13T00:00:00|   728.08900|    704.72600|   735.00000|  2019-12-14| 2.2777
2016ezh                 |00034704062|01 58 09.55|-00 52 29.7|2018-07-15T00:58:57|2018-07-25T00:00:00|  2038.50100|   1967.68700|  1634.00000|  2018-07-26| 1.2065
2016ezh                 |00034704075|01 58 11.63|-00 52 29.7|2019-09-19T00:22:36|2019-09-29T00:00:00|  1957.06800|   1857.48000|  1981.00000|  2019-09-30| 1.7243
2016ezh                 |00034704058|01 57 55.58|-00 52 29.5|2018-01-30T01:19:43|2018-02-09T00:00:00|  1908.05100|   1857.71200|  1921.00000|  2018-02-10| 2.2966
2016ezh                 |00034704042|01 58 12.73|-00 52 28.5|2017-07-19T05:24:57|2017-07-29T00:00:00|  2005.83000|   1957.57000|  2019.00000|  2017-07-30| 1.9973
2016ezh                 |00034704059|01 57 52.95|-00 52 27.6|2018-02-11T03:29:57|2018-02-21T00:00:00|  1894.21900|   1840.71000|  1905.00000|  2018-02-22| 2.9504
2016ezh                 |00034704074|01 58 03.88|-00 52 18.3|2019-08-24T09:10:34|2019-09-03T00:00:00|  2009.47900|   1935.35000|  2027.00000|  2019-09-04| 0.2265
2016ezh                 |00034704031|01 57 53.41|-00 52 17.3|2017-01-24T10:30:57|2017-02-03T00:00:00|  1612.19800|   1587.74800|  1619.00000|  2017-02-04| 2.8363
2016ezh                 |00034704002|01 58 04.27|-00 52 15.7|2016-09-04T18:58:58|2016-09-14T00:00:00|  1790.34500|   1739.06300|  1802.00000|  2016-09-15| 0.1576
2016ezh                 |00034704080|01 57 59.65|-00 52 15.3|2019-11-28T06:29:35|2019-12-08T00:00:00|  1357.83000|   1309.06700|  1372.00000|  2019-12-09| 1.2790
2016ezh                 |00034704072|01 57 57.57|-00 52 11.4|2019-06-19T02:29:35|2019-06-29T00:00:00|  1928.10300|   1876.77700|  1940.00000|  2019-06-30| 1.8029
2016ezh                 |00034704070|01 57 52.34|-00 52 11.0|2019-01-16T18:51:36|2019-01-26T00:00:00|  1986.36100|   1923.84300|  2000.00000|  2019-01-27| 3.1075
2016ezh                 |00034704055|01 57 53.63|-00 52 09.2|2018-01-07T11:42:37|2018-01-17T00:00:00|   937.72200|    897.44000|   950.00000|  2018-01-18| 2.7866
2016ezh                 |00034704012| 01 58 08.0|-00 52 01.1|2016-10-12T16:00:32|2016-10-22T00:00:00|  1990.76300|   1940.90100|  2003.00000|  2016-10-23| 0.8828
2016ezh                 |00034704033|01 57 59.57|-00 52 00.2|2017-02-06T23:59:48|2017-02-17T00:00:00|  2003.31800|   2028.97600|  2092.00000|  2017-02-17| 1.3454
2016ezh                 |00034704024|01 57 58.78|-00 51 59.7|2016-12-23T00:19:58|2017-01-02T00:00:00|   804.84100|    787.35400|   811.00000|  2017-01-03| 1.5388
2016ezh                 |00034704054|01 57 56.77|-00 51 47.8|2018-01-06T06:44:57|2018-01-16T00:00:00|   571.71400|    547.76300|   578.00000|  2018-01-17| 2.0733
2016ezh                 |00034704014|01 57 49.66|-00 51 40.4|2016-11-08T07:06:57|2016-11-18T00:00:00|  1830.20800|   1778.01000|  1841.00000|  2016-11-19| 3.8363
2016ezh                 |00034704053|01 57 58.11|-00 51 39.3|2017-12-25T07:31:57|2018-01-04T00:00:00|  2168.90500|   2117.58200|  2180.00000|  2018-01-05| 1.8045
2016ezh                 |00034704082|01 57 59.53|-00 51 35.1|2019-12-19T15:11:34|2019-12-29T00:00:00|  2095.92100|   2030.54300|  2114.00000|  2019-12-30| 1.5210
2016ezh                 |00034704032|01 57 51.73|-00 51 33.6|2017-01-31T03:31:57|2017-02-10T00:00:00|  2320.12300|   2269.18600|  2334.00000|  2017-02-11| 3.3521
2016ezh                 |00034704022|01 57 54.98|-00 51 33.4|2016-12-13T15:28:57|2016-12-23T00:00:00|  1632.25400|   1605.30100|  1638.00000|  2016-12-24| 2.5721
2016ezh                 |00034704068|01 57 48.68|-00 51 31.0|2018-11-16T16:13:35|2018-11-26T00:00:00|  1623.02500|   1598.09600|  1630.00000|  2018-11-27| 4.1051
2016ezh                 |00034704076|01 58 02.23|-00 51 29.7|2019-10-19T10:09:34|2019-10-29T00:00:00|  1012.94500|    986.32100|  1018.00000|  2019-10-30| 1.0731
2016ezh                 |00034704048|01 58 08.55|-00 51 29.4|2017-09-02T04:55:57|2017-09-12T00:00:00|  1458.02000|   1431.49800|  1464.00000|  2017-09-13| 1.2913
2016ezh                 |00034704079|01 57 59.22|-00 51 28.7|2019-11-22T17:55:36|2019-12-02T00:00:00|    61.77800|      0.00000|     3.00000|  2019-12-03| 1.6414
2016ezh                 |00034704083|01 58 03.33|-00 51 25.6|2020-01-19T23:51:35|2020-01-29T00:00:00|   551.64300|    525.86300|   556.00000|  2020-01-30| 1.0030
2016ezh                 |00034704023|01 57 57.38|-00 51 25.5|2016-12-18T23:02:57|2016-12-28T00:00:00|  2024.87800|   1971.57100|  2036.00000|  2016-12-29| 2.0681
2016ezh                 |00034704036|01 58 02.24|-00 51 22.0|2017-06-03T14:06:57|2017-06-13T00:00:00|  4690.80100|   4549.94200|  4717.00000|  2017-06-14| 1.1794
2016ezh                 |00034704001|01 58 10.57|-00 51 21.4|2016-09-01T04:35:57|2016-09-11T00:00:00|  1980.77400|   1928.17900|  1994.00000|  2016-09-12| 1.7685
2016ezh                 |00034704020| 01 57 54.4|-00 51 17.5|2016-12-03T10:29:04|2016-12-13T00:00:00|   330.95700|    314.55000|   336.00000|  2016-12-14| 2.8841
2016ezh                 |00034704065|01 58 04.84|-00 51 09.5|2018-08-20T08:30:11|2018-08-30T00:00:00|  1626.05100|   1585.48600|  1640.00000|  2018-08-31| 1.2073
2016ezh                 |00034704019|01 57 51.46|-00 51 05.2|2016-11-28T13:30:58|2016-12-08T00:00:00|  2150.68300|   2101.60600|  2052.00000|  2016-12-09| 3.5602
2016ezh                 |00034704028|01 57 59.64|-00 51 04.2|2017-01-12T14:52:05|2017-01-22T00:00:00|   583.02900|    560.12000|   593.00000|  2017-01-23| 1.8189
2016ezh                 |00034704026|01 58 00.50|-00 50 59.9|2017-01-02T17:02:57|2017-01-12T00:00:00|  2091.23200|   2041.71900|  2100.00000|  2017-01-13| 1.7305
2016ezh                 |00034704069|01 57 50.16|-00 50 57.0|2018-12-16T04:08:35|2018-12-26T00:00:00|  2018.43300|   1969.79500|  2032.00000|  2018-12-27| 3.9129
2016ezh                 |00034704067|01 58 00.61|-00 50 54.9|2018-10-16T16:07:18|2018-10-26T00:00:00|  1872.94400|   1822.98100|  1885.00000|  2018-10-27| 1.7804
2016ezh                 |00034704003|01 58 04.95|-00 50 47.8|2016-09-07T09:02:58|2016-09-17T00:00:00|  1666.22400|   1617.56800|  1681.00000|  2016-09-18| 1.5689
Non-GRB (29.490, -0.846)|00034704008|01 57 57.48|-00 50 47.0|2016-09-27T18:32:23|2016-10-07T00:00:00|   125.35600|    114.30100|   131.00000|  2016-10-08| 2.4082
2016ezh                 |00034704027|01 58 02.52|-00 50 39.9|2017-01-08T06:59:57|2017-01-18T00:00:00|  2063.58500|   2012.79300|  2074.00000|  2017-01-19| 1.7894
2016ezh                 |00034704017|01 57 51.75|-00 50 35.1|2016-11-21T04:30:58|2016-12-01T00:00:00|  1913.09000|   1862.67700|  1926.00000|  2016-12-02| 3.7051
2016ezh                 |00034704021|01 57 47.90|-00 50 28.7|2016-12-08T08:20:57|2016-12-18T00:00:00|  2420.25600|   2373.13800|  2434.00000|  2016-12-19| 4.6155
2016ezh                 |00034704030|01 57 58.26|-00 49 50.6|2017-01-21T21:53:56|2017-01-31T00:00:00|  1291.24800|   1239.92300|  1302.00000|  2017-02-01| 2.9986
2016ezh                 |00034704018|01 57 52.56|-00 49 48.5|2016-11-24T10:37:58|2016-12-04T00:00:00|  1940.21600|   1889.07800|  1952.00000|  2016-12-05| 3.9771
2016ezh                 |00034704071| 01 57 58.4|-00 49 46.7|2019-02-16T18:48:35|2019-02-26T00:00:00|  1589.62100|   1539.16000|  1601.00000|  2019-02-27| 3.0826
2016ezh                 |00034704016|01 57 53.44|-00 49 26.1|2016-11-18T04:44:57|2016-11-28T00:00:00|  2043.45400|   1993.27300|  2055.00000|  2016-11-29| 4.0718
2016ezh                 |00034704034| 01 57 57.6|-00 49 20.2|2017-02-14T15:13:57|2017-02-24T00:00:00|  1920.71200|   1870.42100|  1932.00000|  2017-02-25| 3.5869
2016ezh                 |00034704035|01 58 01.43|-00 47 15.0|2017-02-25T01:28:57|2017-03-07T00:00:00|  1935.62800|   1887.51200|  1949.00000|  2017-03-08| 5.1813

Number of rows:    83
Number of columns: 11


---- Messages ----
----
Info: Search Radius
Search radius: 25' from swiftmastr
----
----
Info: Name resolution
Position AT2016ezh corresponds to J2000 decimal coordinates:29.519793 -0.872746
----
