name                    |obsid      |ra         |dec        |start_time         |processing_date    |xrt_exposure|uvot_exposure|bat_exposure|archive_date|_offset
ASASSN-15lh             |00033886021|22 01 54.10|-61 42 26.0|2016-04-09T02:34:58|2016-04-19T00:00:00|  1078.60900|   1045.62200|  1092.00000|  2016-04-20| 3.8172
ASASSN-15lh             |00033830064|22 02 10.17|-61 41 48.2|2016-02-19T02:44:58|2016-02-29T00:00:00|  2270.58400|   2196.74300|  2293.00000|  2016-03-01| 2.3126
ASASSN-15lh             |00033830020|22 02 08.37|-61 41 21.9|2015-07-14T02:39:58|2015-07-24T00:00:00|  2185.03000|   2046.41900|  2771.00000|  2015-07-25| 1.9750
ASASSN-15lh             |00033830062|22 02 18.42|-61 41 21.2|2016-02-11T08:20:58|2016-02-21T00:00:00|  1990.74000|   1916.45100|  2010.00000|  2016-02-22| 1.8102
ASASSN-15lh             |00033886065|22 01 45.35|-61 41 20.9|2016-10-27T20:52:57|2016-11-06T00:00:00|  2326.76200|   2273.12300|  2343.00000|  2016-11-07| 3.9849
ASASSN-15lh             |00033830068|22 02 19.63|-61 41 16.7|2016-03-10T11:21:58|2016-03-20T00:00:00|  1219.16200|   1180.26800|  1234.00000|  2016-03-21| 1.7726
ASASSN-15lh             |00033830021|22 02 09.76|-61 41 12.9|2015-07-14T15:21:58|2015-07-24T00:00:00|   188.08900|    187.84700|   195.00000|  2015-07-25| 1.7705
ASASSN-15lh             |00033886022|22 01 50.48|-61 41 09.0|2016-04-11T00:36:58|2016-04-21T00:00:00|  1256.72300|   1239.46000|  1265.00000|  2016-04-22| 3.3531
ASASSN-15lh             |00033886025|22 02 17.59|-61 40 49.1|2016-04-27T04:34:58|2016-05-07T00:00:00|  2396.96400|   2344.52800|  2416.00000|  2016-05-08| 1.2660
ASASSN-15lh             |00033886019|22 02 24.38|-61 40 44.1|2016-03-30T05:06:58|2016-04-09T00:00:00|  1977.61000|   1877.24100|  2001.00000|  2016-04-10| 1.5697
ASASSN-15lh             |00033886017|22 02 37.78|-61 40 33.2|2016-03-25T05:14:57|2016-04-04T00:00:00|   829.97600|    801.11100|   804.00000|  2016-04-05| 2.8240
ASASSN-15lh             |00033830026|22 02 14.90|-61 40 27.5|2015-07-17T11:41:58|2015-07-27T00:00:00|   406.16400|    403.80500|   600.00000|  2015-07-28| 0.8842
ASASSN-15lh             |00033830060| 22 02 18.6|-61 40 24.3|2016-01-09T17:06:58|2016-01-19T00:00:00|  2976.22600|   2924.51900|  2988.00000|  2016-01-20| 0.8832
ASASSN-15lh             |00033886023|22 02 24.60|-61 40 20.9|2016-04-21T17:51:32|2016-05-01T00:00:00|   784.16700|    769.54600|   775.00000|  2016-05-02| 1.3318
ASASSN-15lh             |00033830024|22 02 17.43|-61 40 20.4|2015-07-18T16:13:58|2015-07-28T00:00:00|  1526.94700|   1503.26800|  1534.00000|  2015-07-29| 0.7991
ASASSN-15lh             |00033830012|22 02 17.19|-61 40 18.8|2015-07-13T11:46:58|2015-07-23T00:00:00|   188.03900|    185.19900|   300.00000|  2015-07-24| 0.7645
ASASSN-15lh             |00033886031|22 02 20.83|-61 40 17.6|2016-05-15T15:48:58|2016-05-25T00:00:00|  2590.02300|   2533.33500|  2608.00000|  2016-05-26| 0.9594
ASASSN-15lh             |00033886026|22 02 23.66|-61 40 15.2|2016-04-30T21:58:58|2016-05-10T00:00:00|  2914.40400|   2879.60300|  2928.00000|  2016-05-11| 1.1864
ASASSN-15lh             |00033830038|22 01 37.68|-61 40 14.1|2015-09-25T19:07:58|2015-10-05T00:00:00|  2860.81800|   2768.66800|  2880.00000|  2015-10-06| 4.5295
ASASSN-15lh             |00033830006|22 02 26.24|-61 40 10.2|2015-07-05T14:21:57|2015-07-15T00:00:00|  2874.77200|   2795.76500|  2893.00000|  2015-07-16| 1.4108
ASASSN-15lh             |00033830061|22 02 35.35|-61 40 07.2|2016-01-12T04:07:58|2016-01-22T00:00:00|  3075.97100|   2998.18500|  3094.00000|  2016-01-23| 2.4227
ASASSN-15lh             |00033886015|22 02 42.84|-61 40 05.6|2016-03-18T02:47:58|2016-03-28T00:00:00|  3430.50600|   3294.07600|  3473.00000|  2016-03-29| 3.2912
ASASSN-15lh             |00033886079|22 02 20.58|-61 40 05.0|2017-05-08T03:39:57|2017-05-18T00:00:00|  4571.12600|   4424.97200|  4625.00000|  2017-05-19| 0.7917
ASASSN-15lh             |00033886078|22 02 28.44|-61 40 03.5|2017-02-14T00:31:57|2017-02-24T00:00:00|  3589.85200|   3474.36600|  3620.00000|  2017-02-25| 1.6153
ASASSN-15lh             |00033886013|22 02 27.98|-61 40 01.8|2016-03-09T00:15:58|2016-03-19T00:00:00|  3264.56200|   3183.76900|  3280.00000|  2016-03-20| 1.5551
ASASSN-15lh             |00033886033|22 02 23.38|-61 39 59.3|2016-05-20T22:02:58|2016-05-30T00:00:00|   621.80300|    605.26500|   628.00000|  2016-05-31| 1.0276
ASASSN-15lh             |00033886043|22 02 05.40|-61 39 56.6|2016-07-22T17:06:57|2016-08-01T00:00:00|  3678.19500|   3610.98700|  3705.00000|  2016-08-02| 1.2470
ASASSN-15lh             |00033830009|22 02 17.35|-61 39 50.6|2015-07-13T08:34:58|2015-07-23T00:00:00|   198.17500|    198.37200|   300.00000|  2015-07-24| 0.3488
ASASSN-15lh             |00033886018|22 02 22.72|-61 39 48.2|2016-03-28T14:25:57|2016-04-07T00:00:00|  3771.96200|   3720.72000|  3794.00000|  2016-04-08| 0.8923
ASASSN-15lh             |00033830063|22 02 32.89|-61 39 48.1|2016-02-15T01:42:58|2016-02-25T00:00:00|  2340.41700|   2242.64900|  2366.00000|  2016-02-26| 2.0820
ASASSN-15lh             |00033886027|22 02 39.79|-61 39 46.8|2016-05-03T20:05:57|2016-05-13T00:00:00|  2928.52500|   2893.10700|  2942.00000|  2016-05-14| 2.8963
ASASSN-15lh             |00033886016|22 02 41.29|-61 39 45.6|2016-03-23T05:21:58|2016-04-02T00:00:00|  4133.42800|   4061.91200|  4166.00000|  2016-04-03| 3.0728
ASASSN-15lh             |00033830044|22 02 00.63|-61 39 45.0|2015-10-12T08:13:58|2015-10-22T00:00:00|  2918.04100|   2868.33800|  2931.00000|  2015-10-23| 1.7666
ASASSN-15lh             |00033886029|22 02 41.78|-61 39 43.2|2016-05-08T07:06:58|2016-05-18T00:00:00|  2310.65900|   2227.29300|  2312.00000|  2016-05-19| 3.1279
ASASSN-15lh             |00033830023|22 02 07.12|-61 39 41.6|2015-07-16T16:21:57|2015-07-26T00:00:00|   280.70200|    277.39000|   600.00000|  2015-07-27| 0.9954
ASASSN-15lh             |00033830067|22 02 42.84|-61 39 41.1|2016-03-06T22:38:57|2016-03-16T00:00:00|  3115.45200|   3019.04700|  3143.00000|  2016-03-17| 3.2522
ASASSN-15lh             |00033830002|22 02 33.85|-61 39 40.5|2015-06-26T05:20:00|2015-07-06T00:00:00|  2380.69500|   2330.76800|  2397.00000|  2015-07-07| 2.1866
ASASSN-15lh             |00033830029|22 02 16.42|-61 39 38.4|2015-07-29T18:57:58|2015-08-08T00:00:00|  2774.62300|   2676.41000|  2802.00000|  2015-08-09| 0.1317
ASASSN-15lh             |00033886053|22 02 16.23|-61 39 37.7|2016-08-25T00:24:58|2016-09-04T00:00:00|   208.09700|    156.07200|   235.00000|  2016-09-05| 0.1066
ASASSN-15lh             |00033830016|22 02 13.51|-61 39 37.5|2015-07-13T18:09:58|2015-07-23T00:00:00|   222.90700|    222.88700|   300.00000|  2015-07-24| 0.2343
ASASSN-15lh             |00034112004|22 01 53.78|-61 39 37.1|2015-10-30T06:58:57|2015-11-09T00:00:00|  2150.34700|   2113.86200|  2117.00000|  2015-11-10| 2.5721
ASASSN-15lh             |00033886006|22 01 51.62|-61 39 35.0|2015-11-04T01:59:58|2015-11-14T00:00:00|  3877.85800|   3742.34400|  3906.00000|  2015-11-15| 2.8282
ASASSN-15lh             |00033830010|22 02 15.22|-61 39 31.5|2015-07-13T08:39:57|2015-07-23T00:00:00|  3893.24200|   3871.08800|  3687.00000|  2015-07-24| 0.0585
ASASSN-15lh             |00033886038|22 02 41.34|-61 39 30.0|2016-06-21T00:22:58|2016-07-01T00:00:00|  4292.59500|   4190.98600|  4316.00000|  2016-07-02| 3.0735
ASASSN-15lh             |00033886077|22 02 33.11|-61 39 29.0|2017-02-10T10:33:57|2017-02-20T00:00:00|  2419.51900|   2340.47900|  2444.00000|  2017-02-21| 2.0979
ASASSN-15lh             |00033830052|22 02 10.81|-61 39 28.4|2015-12-09T01:21:57|2015-12-19T00:00:00|  1721.96100|   1688.76500|  1744.00000|  2015-12-20| 0.5601
ASASSN-15lh             |00033886030| 22 02 21.5|-61 39 27.8|2016-05-12T06:46:57|2016-05-22T00:00:00|  1469.86200|   1434.84200|  1482.00000|  2016-05-23| 0.6743
ASASSN-15lh             |00033830025|22 02 15.42|-61 39 23.7|2015-07-17T11:46:58|2015-07-27T00:00:00|  2416.09700|   2400.84100|  2278.00000|  2015-07-28| 0.1823
ASASSN-15lh             |00033886066|22 02 04.53|-61 39 19.9|2016-11-12T00:29:58|2016-11-22T00:00:00|  4540.95100|   4453.89000|  4572.00000|  2016-11-23| 1.3193
ASASSN-15lh             |00033830022|22 02 17.56|-61 39 19.7|2015-07-16T08:57:56|2015-07-26T00:00:00|  3559.87600|   3544.43600|  3310.00000|  2015-07-27| 0.3527
ASASSN-15lh             |00033830028|22 02 19.33|-61 39 19.5|2015-07-26T03:08:58|2015-08-05T00:00:00|  2724.88200|   2632.78600|  2753.00000|  2015-08-06| 0.5257
ASASSN-15lh             |00033830007|22 02 22.22|-61 39 15.9|2015-07-08T12:25:58|2015-07-18T00:00:00|  2695.39100|   2620.80400|  2714.00000|  2015-07-19| 0.8630
ASASSN-15lh             |00033886028| 22 02 29.3|-61 39 15.5|2016-05-07T21:12:58|2016-05-17T00:00:00|  2819.46000|   2783.72700|  2832.00000|  2016-05-18| 1.6435
ASASSN-15lh             |00033830037|22 02 06.10|-61 39 09.0|2015-09-18T01:33:58|2015-09-28T00:00:00|  2552.56000|   2499.11100|  2573.00000|  2015-09-29| 1.1889
ASASSN-15lh             |00033886071|22 01 50.84|-61 39 08.9|2016-12-04T00:03:58|2016-12-14T00:00:00|  2011.21100|   1981.09400|  2028.00000|  2016-12-15| 2.9520
ASASSN-15lh             |00033886024|22 02 23.16|-61 39 07.2|2016-04-24T15:53:58|2016-05-04T00:00:00|  2030.92500|   1994.58500|  2044.00000|  2016-05-05| 1.0232
ASASSN-15lh             |00033830055|22 01 52.63|-61 39 04.9|2015-12-21T03:42:57|2015-12-31T00:00:00|  2301.70100|   2266.97800|  2314.00000|  2016-01-01| 2.7537
ASASSN-15lh             |00033886034|22 02 01.58|-61 39 04.6|2016-05-25T13:36:59|2016-06-04T00:00:00|   874.49300|    823.71800|   904.00000|  2016-06-05| 1.7206
ASASSN-15lh             |00033874007|22 02 00.15|-61 39 04.5|2015-09-07T20:05:25|2015-09-17T00:00:00|  2347.59600|   1705.38100|  1768.00000|  2015-09-18| 1.8838
ASASSN-15lh             |00033886020|22 02 21.91|-61 39 04.5|2016-04-01T23:58:58|2016-04-12T00:00:00|  3408.39800|   3489.46000|  3584.00000|  2016-04-12| 0.9166
ASASSN-15lh             |00033830065|22 02 44.33|-61 39 03.8|2016-03-02T21:25:58|2016-03-12T00:00:00|  1815.26500|   1795.73900|  1857.00000|  2016-03-13| 3.4662
ASASSN-15lh             |00033830027|22 02 22.31|-61 39 03.6|2015-07-20T11:19:58|2015-07-30T00:00:00|  2773.14500|   2721.92000|  2784.00000|  2015-07-31| 0.9656
ASASSN-15lh             |00033886052|22 02 12.49|-61 39 03.2|2016-08-22T08:26:55|2016-09-02T00:00:00|  3577.90500|   3524.89700|  3602.00000|  2016-09-02| 0.6310
ASASSN-15lh             |00033886012|22 02 22.28|-61 39 01.2|2016-02-29T05:43:57|2016-03-10T00:00:00|  3912.55300|   3760.11800|  3949.00000|  2016-03-11| 0.9842
ASASSN-15lh             |00033874005| 22 02 10.9|-61 38 59.6|2015-08-14T08:36:57|2015-08-24T00:00:00|  4781.08100|   4682.27100|  4806.00000|  2015-08-25| 0.8625
ASASSN-15lh             |00033874008|22 02 11.39|-61 38 59.4|2015-09-12T06:38:58|2015-09-22T00:00:00|  4220.33900|   4149.80000|  4242.00000|  2015-09-23| 0.7593
ASASSN-15lh             |00033830066|22 02 34.90|-61 38 58.9|2016-03-03T03:47:58|2016-03-13T00:00:00|   969.77700|    946.11700|   977.00000|  2016-03-14| 2.3840
ASASSN-15lh             |00033886035|22 02 38.33|-61 38 58.6|2016-06-13T12:13:57|2016-06-23T00:00:00|  2647.54900|   2573.99200|  2668.00000|  2016-06-24| 2.7814
ASASSN-15lh             |00033886010|22 02 30.92|-61 38 57.1|2016-01-06T07:48:58|2016-01-16T00:00:00|  3298.94200|   3171.24600|  3328.00000|  2016-01-17| 1.9401
ASASSN-15lh             |00033886037|22 02 30.43|-61 38 56.7|2016-06-18T03:55:57|2016-06-28T00:00:00|  4879.48500|   4732.47100|  4918.00000|  2016-06-29| 1.8870
ASASSN-15lh             |00033886076|22 02 15.56|-61 38 55.9|2017-02-09T01:11:57|2017-02-19T00:00:00|  2335.43400|   2210.12600|  2370.00000|  2017-02-20| 0.6452
ASASSN-15lh             |00033886062|22 01 59.42|-61 38 54.2|2016-10-19T03:56:58|2016-10-30T00:00:00|   618.98600|    588.50700|   629.00000|  2016-10-30| 2.0182
ASASSN-15lh             |00033886054|22 01 54.85|-61 38 53.8|2016-08-26T16:10:58|2016-09-05T00:00:00|  1614.69400|   1578.23700|  1627.00000|  2016-09-06| 2.5372
ASASSN-15lh             |00033886002|22 02 10.12|-61 38 53.5|2015-09-07T10:09:58|2015-09-17T00:00:00|  2746.11200|   2674.85500|  2769.00000|  2015-09-18| 0.9323
ASASSN-15lh             |00033874002|22 02 25.68|-61 38 53.3|2015-07-11T15:12:58|2015-07-21T00:00:00|  1857.89900|   1805.57100|  1939.00000|  2015-07-22| 1.3966
ASASSN-15lh             |00033830053|22 01 39.33|-61 38 52.3|2015-12-12T21:52:57|2015-12-22T00:00:00|  1778.50200|   1743.65300|  1793.00000|  2015-12-23| 4.3446
ASASSN-15lh             |00033886032|22 02 18.88|-61 38 52.0|2016-05-19T22:03:58|2016-05-29T00:00:00|  1308.27400|   1274.26900|  1321.00000|  2016-05-30| 0.8191
ASASSN-15lh             |00033886056|22 02 05.54|-61 38 50.0|2016-09-01T18:41:57|2016-09-11T00:00:00|  1256.13600|   1216.57800|  1264.00000|  2016-09-12| 1.3913
ASASSN-15lh             |00033874004|22 01 33.55|-61 38 47.1|2015-08-07T01:09:58|2015-08-17T00:00:00|  4744.86300|   4665.07100|  4764.00000|  2015-08-18| 5.0362
ASASSN-15lh             |00034112001|22 02 05.78|-61 38 45.9|2015-10-21T04:54:58|2015-10-31T00:00:00|  1988.28700|   1951.00700|  1999.00000|  2015-11-01| 1.4053
ASASSN-15lh             |00033886064|22 01 59.41|-61 38 45.4|2016-10-26T00:16:58|2016-11-05T00:00:00|  2874.80300|   2771.90000|  2911.00000|  2016-11-06| 2.0727
ASASSN-15lh             |00033886058|22 01 58.61|-61 38 43.6|2016-09-14T11:14:58|2016-09-24T00:00:00|  2283.31200|   2216.03900|  2312.00000|  2016-09-25| 2.1716
ASASSN-15lh             |00033886063|22 01 58.90|-61 38 41.1|2016-10-21T11:35:58|2016-10-31T00:00:00|  3910.11600|   3817.13600|  3937.00000|  2016-11-01| 2.1577
ASASSN-15lh             |00033830046|22 02 02.25|-61 38 35.4|2015-10-16T06:31:58|2015-10-26T00:00:00|  2329.28400|   2239.08800|  2341.00000|  2015-10-27| 1.8515
ASASSN-15lh             |00033886055|22 02 08.85|-61 38 33.0|2016-08-30T09:36:58|2016-09-09T00:00:00|  1775.16000|   1738.49000|  1787.00000|  2016-09-10| 1.2924
ASASSN-15lh             |00033874003|22 02 18.18|-61 38 31.1|2015-07-23T01:56:57|2015-08-02T00:00:00|  4654.98000|   4473.15300|  4693.00000|  2015-08-03| 1.1079
ASASSN-15lh             |00033886046|22 02 14.77|-61 38 30.9|2016-08-01T11:55:58|2016-08-11T00:00:00|  4298.90300|   4228.57500|  4323.00000|  2016-08-12| 1.0653
ASASSN-15lh             |00033830035|22 01 52.97|-61 38 29.0|2015-09-03T15:28:58|2015-09-13T00:00:00|  2223.96100|   2145.63900|  2240.00000|  2015-09-14| 2.8832
ASASSN-15lh             |00033886072|22 01 44.92|-61 38 28.7|2016-12-08T12:51:58|2016-12-18T00:00:00|  2156.78800|   2086.78800|  2183.00000|  2016-12-19| 3.7869
ASASSN-15lh             |00033830008|22 02 20.93|-61 38 28.2|2015-07-11T16:58:58|2015-07-21T00:00:00|   728.18100|    705.20300|   729.00000|  2015-07-22| 1.2847
ASASSN-15lh             |00033886011| 22 02 26.1|-61 38 28.0|2016-02-09T14:42:08|2016-02-19T00:00:00|  3216.85200|   3141.00600|  3237.00000|  2016-02-20| 1.6754
ASASSN-15lh             |00033874006|22 02 10.72|-61 38 27.3|2015-08-28T14:05:58|2015-09-07T00:00:00|  4351.52200|   4217.90800|  4370.00000|  2015-09-08| 1.2541
ASASSN-15lh             |00033830001|22 02 38.38|-61 38 27.2|2015-06-24T00:33:59|2015-07-04T00:00:00|  2515.79500|   2439.26700|  2534.00000|  2015-07-05| 2.9455
ASASSN-15lh             |00033830034|22 02 05.35|-61 38 26.6|2015-08-31T12:30:43|2015-09-10T00:00:00|   921.82100|    891.38200|   746.00000|  2015-09-11| 1.6497
ASASSN-15lh             |00033830049|22 02 08.52|-61 38 26.2|2015-11-30T03:44:58|2015-12-10T00:00:00|  2040.21100|   2005.03400|  2053.00000|  2015-12-11| 1.4056
ASASSN-15lh             |00033886036|22 02 24.40|-61 38 22.9|2016-06-15T18:27:58|2016-06-25T00:00:00|  3413.48100|   3314.54200|  3439.00000|  2016-06-26| 1.5998
ASASSN-15lh             |00033886060|22 02 08.74|-61 38 18.8|2016-10-06T07:57:58|2016-10-16T00:00:00|  4877.44400|   4777.18800|  4895.00000|  2016-10-17| 1.4939
ASASSN-15lh             |00033886050|22 02 09.54|-61 38 16.5|2016-08-11T12:35:58|2016-08-21T00:00:00|  2497.40000|   2457.93600|  2509.00000|  2016-08-22| 1.4790
ASASSN-15lh             |00033886068|22 02 14.44|-61 38 16.1|2016-11-27T15:00:58|2016-12-07T00:00:00|   787.42400|    770.07500|   794.00000|  2016-12-08| 1.3136
ASASSN-15lh             |00033830003|22 02 14.46|-61 38 15.9|2015-06-28T17:54:58|2015-07-08T00:00:00|  2294.68900|   2220.83900|  2314.00000|  2015-07-09| 1.3178
ASASSN-15lh             |00033830036|22 02 05.54|-61 38 11.5|2015-09-17T19:23:58|2015-09-27T00:00:00|  2561.36200|   2473.83400|  2579.00000|  2015-09-28| 1.8168
ASASSN-15lh             |00034112005|22 02 10.38|-61 38 10.3|2015-11-02T06:46:58|2015-11-12T00:00:00|  2399.12200|   2349.72500|  2422.00000|  2015-11-13| 1.5290
ASASSN-15lh             |00033886001|22 02 09.66|-61 38 09.2|2015-08-21T14:50:58|2015-08-31T00:00:00|  3275.50900|   3207.33500|  3295.00000|  2015-09-01| 1.5818
ASASSN-15lh             |00033874010|22 02 06.13|-61 38 06.9|2015-10-03T13:40:57|2015-10-13T00:00:00|  4771.39900|   4693.51400|  4788.00000|  2015-10-14| 1.8340
ASASSN-15lh             |00033886057|22 02 03.25|-61 38 05.9|2016-09-09T00:17:58|2016-09-19T00:00:00|  6115.98600|   6013.28300|  6156.00000|  2016-09-20| 2.0701
ASASSN-15lh             |00034112006|22 02 03.38|-61 38 05.4|2015-11-05T00:25:57|2015-11-15T00:00:00|  2006.21700|   1930.36400|  2019.00000|  2015-11-16| 2.0642
ASASSN-15lh             |00034112008|22 02 10.47|-61 38 02.1|2015-11-17T09:26:58|2015-11-27T00:00:00|  2053.47800|   2015.58200|  2066.00000|  2015-11-28| 1.6510
ASASSN-15lh             |00033830005|22 02 18.98|-61 38 00.7|2015-07-02T12:36:58|2015-07-12T00:00:00|  2903.43400|   2829.07200|  2922.00000|  2015-07-13| 1.6211
ASASSN-15lh             |00033886051|22 02 13.47|-61 37 59.7|2016-08-15T08:53:57|2016-08-25T00:00:00|  5498.55000|   4341.53100|  5534.00000|  2016-08-26| 1.6001
ASASSN-15lh             |00033830031|22 02 08.51|-61 37 59.6|2015-08-16T16:45:58|2015-08-26T00:00:00|  2261.24000|   1080.23300|  2274.00000|  2015-08-27| 1.7846
ASASSN-15lh             |00033886067|22 02 12.84|-61 37 58.3|2016-11-22T04:31:58|2016-12-02T00:00:00|  2153.09200|   2101.48400|  2172.00000|  2016-12-03| 1.6349
ASASSN-15lh             |00034112009|22 02 20.75|-61 37 54.7|2015-11-23T04:14:58|2015-12-03T00:00:00|  1803.59300|   1768.95300|  1816.00000|  2015-12-04| 1.7801
ASASSN-15lh             |00033830030|22 02 11.71|-61 37 52.8|2015-08-10T20:15:58|2015-08-20T00:00:00|  2978.66300|   2924.09800|  2990.00000|  2015-08-21| 1.7541
ASASSN-15lh             |00033886070|22 02 10.98|-61 37 52.6|2016-12-03T22:36:13|2016-12-13T00:00:00|   205.59100|    198.91200|   211.00000|  2016-12-14| 1.7806
ASASSN-15lh             |00033886080|22 02 12.79|-61 37 51.6|2018-07-25T04:42:57|2018-08-04T00:00:00|  4313.51500|   4169.95700|  4353.00000|  2018-08-05| 1.7464
ASASSN-15lh             |00033874009|22 02 03.41|-61 37 51.4|2015-09-19T04:45:58|2015-09-29T00:00:00|  4754.15500|   4629.98700|  4784.00000|  2015-09-30| 2.2369
ASASSN-15lh             |00033830048|22 02 14.54|-61 37 49.5|2015-11-27T11:48:58|2015-12-07T00:00:00|   899.43200|    872.11800|   914.00000|  2015-12-08| 1.7557
ASASSN-15lh             |00034112007|22 02 10.58|-61 37 48.6|2015-11-08T12:56:58|2015-11-18T00:00:00|  1882.97300|   1843.75600|  1895.00000|  2015-11-19| 1.8592
ASASSN-15lh             |00033830045|22 02 07.33|-61 37 47.6|2015-10-14T16:03:57|2015-10-24T00:00:00|  1498.20000|   1473.75500|  1397.00000|  2015-10-25| 2.0271
ASASSN-15lh             |00033830042|22 02 07.87|-61 37 40.5|2015-10-07T10:11:58|2015-10-17T00:00:00|  3038.83000|   2969.47800|  2368.00000|  2015-10-18| 2.1042
ASASSN-15lh             |00033830051|22 02 03.60|-61 37 34.3|2015-12-06T04:45:58|2015-12-16T00:00:00|  1511.88400|   1459.06000|  1530.00000|  2015-12-17| 2.4499
ASASSN-15lh             |00033886004|22 02 10.56|-61 37 27.4|2015-10-10T09:58:58|2015-10-20T00:00:00|  3724.18000|   3699.34900|  3790.00000|  2015-10-21| 2.1984
ASASSN-15lh             |00033886061|22 02 12.67|-61 37 25.6|2016-10-16T07:17:58|2016-10-26T00:00:00|  2754.82300|   2682.58800|  2776.00000|  2016-10-27| 2.1749
ASASSN-15lh             |00033886042| 22 02 13.0|-61 37 18.0|2016-07-15T06:44:23|2016-07-26T00:00:00|  3364.84600|   3229.21400|  3416.00000|  2016-07-26| 2.2963
ASASSN-15lh             |00033886074| 22 02 20.5|-61 37 16.7|2017-01-04T13:42:57|2017-01-14T00:00:00|  4605.65900|   4498.89400|  4292.00000|  2017-01-15| 2.3634
ASASSN-15lh             |00033830056|22 02 06.60|-61 37 12.4|2015-12-24T21:07:58|2016-01-03T00:00:00|  2058.48700|   2023.10600|  2072.00000|  2016-01-04| 2.5935
ASASSN-15lh             |00033886040|22 02 16.25|-61 37 05.6|2016-06-30T03:05:57|2016-07-10T00:00:00|  2060.23900|   1961.03500|  2087.00000|  2016-07-11| 2.4857
ASASSN-15lh             |00033830040| 22 02 01.6|-61 37 05.2|2015-10-01T12:22:58|2015-10-11T00:00:00|  2996.34000|   2943.50600|  3015.00000|  2015-10-12| 3.0204
ASASSN-15lh             |00034112003| 22 02 02.3|-61 37 04.9|2015-10-27T17:12:58|2015-11-06T00:00:00|   614.27400|    603.15900|   626.00000|  2015-11-07| 2.9604
ASASSN-15lh             |00033830047|22 02 13.31|-61 37 02.6|2015-10-18T03:09:57|2015-10-28T00:00:00|  2696.06100|   2622.23900|  2718.00000|  2015-10-29| 2.5462
ASASSN-15lh             |00033886009|22 01 54.86|-61 37 02.3|2015-12-15T08:59:58|2015-12-25T00:00:00|  2794.84900|   2741.64800|  2807.00000|  2015-12-26| 3.5245
ASASSN-15lh             |00033830041| 22 02 07.4|-61 36 59.9|2015-10-04T08:59:58|2015-10-14T00:00:00|  2830.72100|   2762.87600|  2856.00000|  2015-10-15| 2.7651
ASASSN-15lh             |00033830059|22 02 05.19|-61 36 54.1|2015-12-29T01:35:58|2016-01-08T00:00:00|   421.22000|    397.89200|   428.00000|  2016-01-09| 2.9396
ASASSN-15lh             |00033886007|22 02 09.63|-61 36 53.9|2015-11-20T02:48:57|2015-11-30T00:00:00|  3577.96100|   3501.06500|  3598.00000|  2015-12-01| 2.7669
ASASSN-15lh             |00033830054| 22 02 03.2|-61 36 52.5|2015-12-18T08:37:57|2015-12-28T00:00:00|  1973.25400|   1934.28000|  1982.00000|  2015-12-29| 3.0783
ASASSN-15lh             |00033886047|22 02 26.29|-61 36 49.1|2016-08-08T00:17:58|2016-08-18T00:00:00|  1278.71000|   1242.86900|  1291.00000|  2016-08-19| 3.0450
ASASSN-15lh             |00033886003|22 01 45.94|-61 36 37.0|2015-09-19T14:22:58|2015-09-29T00:00:00|  3300.67800|   3137.87100|  3332.00000|  2015-09-30| 4.5873
ASASSN-15lh             |00034112002|22 02 08.85|-61 36 36.4|2015-10-24T17:14:57|2015-11-03T00:00:00|  1933.12400|   1879.34800|  1945.00000|  2015-11-04| 3.0723
ASASSN-15lh             |00033830050|22 02 22.24|-61 36 34.5|2015-12-03T06:36:57|2015-12-13T00:00:00|  1913.59400|   1880.51600|  1927.00000|  2015-12-14| 3.1089
ASASSN-15lh             |00033886059|22 01 55.20|-61 36 31.2|2016-09-23T04:29:58|2016-10-03T00:00:00|  5891.01700|   5765.67100|  5932.00000|  2016-10-04| 3.8900
ASASSN-15lh             |00033830057|22 02 30.36|-61 36 30.6|2015-12-27T00:30:05|2016-01-06T00:00:00|  1546.99600|   1495.89700|  1562.00000|  2016-01-07| 3.5418
ASASSN-15lh             |00033886039|22 02 00.95|-61 36 26.1|2016-06-24T00:03:58|2016-07-04T00:00:00|  1796.89800|   1726.71700|  1817.00000|  2016-07-05| 3.5831
ASASSN-15lh             |00033830039|22 01 54.75|-61 36 17.3|2015-09-28T12:28:58|2015-10-08T00:00:00|  2550.90100|   2518.89200|  2568.00000|  2015-10-09| 4.1064
ASASSN-15lh             |00033886041|22 02 10.40|-61 36 10.3|2016-07-08T18:24:58|2016-07-19T00:00:00|  4358.80700|   4271.88100|  4390.00000|  2016-07-19| 3.4571
ASASSN-15lh             |00033886044| 22 02 12.1|-61 36 10.0|2016-07-31T10:13:58|2016-08-10T00:00:00|   844.95600|    827.82100|   851.00000|  2016-08-11| 3.4343
ASASSN-15lh             |00033886073|22 02 08.96|-61 36 07.8|2016-12-24T09:34:58|2017-01-03T00:00:00|  4699.34300|   4646.77800|  4791.00000|  2017-01-04| 3.5317
ASASSN-15lh             |00033830033| 22 01 48.3|-61 36 01.2|2015-08-25T04:42:57|2015-09-04T00:00:00|  2477.72800|   1961.36600|  2496.00000|  2015-09-05| 4.8225
ASASSN-15lh             |00033886008|22 02 11.26|-61 35 56.7|2015-12-10T07:45:58|2015-12-20T00:00:00|   793.59400|    767.36100|   812.00000|  2015-12-21| 3.6669
ASASSN-15lh             |00033886045|22 02 14.48|-61 35 42.4|2016-08-01T10:07:58|2016-08-11T00:00:00|   885.07400|    867.43000|   892.00000|  2016-08-12| 3.8729
ASASSN-15lh             |00033886005|22 01 57.13|-61 35 35.5|2015-10-22T15:41:57|2015-11-01T00:00:00|  1913.05800|   1833.51700|  1930.00000|  2015-11-02| 4.5406
ASASSN-15lh             |00033830032|22 02 22.90|-61 34 56.0|2015-08-19T13:38:55|2015-08-29T00:00:00|   946.57500|    903.42100|   964.00000|  2015-08-30| 4.7281
ASASSN-15lh             |00033886049|22 02 24.50|-61 34 41.4|2016-08-08T23:58:58|2016-08-19T00:00:00|  1423.90300|   1433.51800|  1480.00000|  2016-08-19| 5.0039
BAT subthreshold trigger|00346784000|22 04 31.98|-61 23 22.9|2009-03-17T12:39:41|2015-12-29T00:00:00|   510.16600|    406.71800|  2707.27000|  2009-03-28|22.9594

Number of rows:    153
Number of columns: 11


---- Messages ----
----
Info: Search Radius
Search radius: 25' from swiftmastr
----
----
Info: Name resolution
Position ASASSN-15lh corresponds to J2000 decimal coordinates:330.56436 -61.65962
----
