name          |obsid      |ra         |dec        |start_time         |processing_date    |xrt_exposure|uvot_exposure|bat_exposure|archive_date|_offset
ASASSN-15OI   |00095141005|20 39 04.19|-30 49 00.7|2019-07-06T14:49:35|2019-07-16T00:00:00|  1807.38100|   1757.16800|  1821.00000|  2019-07-17| 3.8177
ASASSN-15OI   |00095141008|20 39 20.23|-30 47 20.2|2019-07-27T06:29:36|2019-08-05T00:00:00|   617.50900|    593.71500|   625.00000|  2019-08-07| 3.1032
ASASSN-15OI   |00095141003|20 39 22.74|-30 47 14.7|2019-06-22T18:03:36|2019-07-02T00:00:00|  1276.45600|   1225.81200|  1290.00000|  2019-07-03| 3.4827
ASASSN-15oi   |00033999043|20 39 03.67|-30 46 52.0|2016-07-11T11:42:58|2016-07-21T00:00:00|  1918.94900|   1868.40300|  1932.00000|  2016-07-22| 1.9244
ASASSN-15OI   |00095141004| 20 39 20.5|-30 46 51.1|2019-06-29T13:54:36|2019-07-09T00:00:00|  1903.44600|   1854.28100|  1916.00000|  2019-07-10| 2.7842
ASASSN-15oi   |00033999036|20 39 22.27|-30 46 14.2|2016-05-20T06:05:59|2016-05-30T00:00:00|  2416.88300|   2381.30200|  2442.00000|  2016-05-31| 2.9556
ASASSN-15oi   |00033999001|20 39 04.97|-30 46 12.5|2015-08-23T19:00:03|2015-09-02T00:00:00|   981.13100|    981.54400|  1004.00000|  2015-09-03| 1.2455
ASASSN-15OI   |00095141006|20 39 09.79|-30 46 04.9|2019-07-13T01:26:35|2019-07-23T00:00:00|  1943.48300|   1895.90800|  1958.00000|  2019-07-24| 0.7495
ASASSN-15oi   |00033999035|20 39 18.68|-30 46 00.9|2016-05-13T01:49:58|2016-05-23T00:00:00|  2980.81900|   2934.54600|  2999.00000|  2016-05-24| 2.1538
ASASSN-15oi   |00033999010|20 38 56.94|-30 45 58.3|2015-09-26T09:08:58|2015-10-06T00:00:00|  2181.36300|   2140.51800|  2195.00000|  2015-10-07| 2.6957
ASASSN-15oi   |00033999052|20 39 10.74|-30 45 57.7|2017-03-21T15:20:57|2017-03-31T00:00:00|   739.05400|    738.12400|   752.00000|  2017-04-01| 0.7051
ASASSN-15oi   |00033999042|20 39 11.26|-30 45 53.2|2016-07-03T01:09:58|2016-07-13T00:00:00|  1364.03500|   1788.20500|  1883.00000|  2016-07-14| 0.7064
ASASSN-15oi   |00033999006|20 38 58.36|-30 45 46.6|2015-09-11T01:57:58|2015-09-21T00:00:00|  2893.42100|   2839.10200|  2905.00000|  2015-09-22| 2.3571
ASASSN-15OI   |00095141009|20 38 50.48|-30 45 46.4|2019-07-31T07:40:34|2019-08-10T00:00:00|  1456.15700|   1431.66300|  1463.00000|  2019-08-11| 4.0329
ASASSN-15oi   |00033999053|20 39 10.74|-30 45 46.3|2017-04-01T23:58:56|2017-04-12T00:00:00|  3464.27200|   3557.26700|  3677.00000|  2017-04-12| 0.5467
ASASSN-15oi   |00033999003|20 39 03.97|-30 45 45.2|2015-08-30T09:01:57|2015-09-09T00:00:00|  2776.36700|   2725.89200|  2790.00000|  2015-09-10| 1.1863
ASASSN-15oi   |00033999007|20 38 52.70|-30 45 39.2|2015-09-15T16:06:57|2015-09-25T00:00:00|  2960.36900|   2907.84900|  2973.00000|  2015-09-26| 3.5469
ASASSN-15oi   |00033999020|20 38 51.82|-30 45 37.7|2015-11-01T21:43:48|2015-11-11T00:00:00|  2813.17300|   2748.12400|  2834.00000|  2015-11-12| 3.7346
ASASSN-15oi   |00033999032|20 39 10.59|-30 45 36.1|2016-04-23T04:42:35|2016-05-03T00:00:00|  3638.08100|   3601.08900|  3622.00000|  2016-05-04| 0.4020
ASASSN-15oi   |00033999033|20 39 13.50|-30 45 35.2|2016-04-28T04:39:57|2016-05-08T00:00:00|  3796.05000|   3697.46300|  3822.00000|  2016-05-09| 0.9652
ASASSN-15oi   |00033999034|20 39 10.72|-30 45 32.7|2016-05-06T07:19:15|2016-05-16T00:00:00|  2198.26600|   1537.23900|  2232.00000|  2016-05-17| 0.3910
ASASSN-15OI   |00095141010|20 39 03.96|-30 45 22.2|2019-08-03T07:34:36|2019-08-13T00:00:00|  2712.29000|   2641.45600|  2735.00000|  2019-08-14| 1.1147
ASASSN-15oi   |00033999028|20 39 19.96|-30 45 19.4|2016-03-13T04:26:17|2016-03-23T00:00:00|  3928.02700|   2978.82200|  3950.00000|  2016-03-24| 2.3219
ASASSN-15oi   |00033999050|20 38 47.38|-30 45 18.0|2016-08-11T04:12:57|2016-08-21T00:00:00|   703.06100|    679.67200|   710.00000|  2016-08-22| 4.6772
ASASSN-15oi   |00033999030|20 39 20.62|-30 45 15.5|2016-03-29T08:17:58|2016-04-08T00:00:00|  3592.63700|   3446.80400|  3640.00000|  2016-04-09| 2.4648
ASASSN-15oi   |00033999016|20 38 58.51|-30 45 09.9|2015-10-14T09:41:58|2015-10-24T00:00:00|  2928.66200|   2850.65400|  2948.00000|  2015-10-25| 2.2928
ASASSN-15oi   |00033999031|20 39 11.64|-30 45 09.7|2016-04-15T07:01:58|2016-04-25T00:00:00|  2351.82400|   2317.76200|  2370.00000|  2016-04-26| 0.5653
ASASSN-15oi   |00033999015|20 38 57.85|-30 45 07.0|2015-10-11T11:31:58|2015-10-21T00:00:00|  2885.91100|   2832.33700|  2897.00000|  2015-10-22| 2.4380
ASASSN-15OI   |00095141001|20 39 13.18|-30 45 06.6|2019-06-08T20:41:36|2019-06-18T00:00:00|  2381.56300|   2329.88700|  2395.00000|  2019-06-19| 0.8969
ASASSN-15oi   |00033999017|20 38 52.97|-30 45 04.3|2015-10-17T02:59:58|2015-10-27T00:00:00|  2750.50000|   2675.19700|  2769.00000|  2015-10-28| 3.4866
ASASSN-15oi   |00033999022|20 39 00.77|-30 45 01.0|2015-11-07T09:49:58|2015-11-17T00:00:00|  2396.94000|   2331.06800|  2416.00000|  2015-11-18| 1.8310
ASASSN-15oi   |00033999046|20 38 50.24|-30 45 00.4|2016-07-31T00:39:58|2016-08-10T00:00:00|  2616.59600|   2541.47800|  2636.00000|  2016-08-11| 4.0764
ASASSN-15oi   |00033999018|20 38 59.81|-30 44 55.3|2015-10-23T15:55:03|2015-11-02T00:00:00|  1817.03900|   1730.68000|  1842.00000|  2015-11-03| 2.0518
ASASSN-15oi   |00033999004|20 38 56.14|-30 44 53.2|2015-09-03T17:11:02|2015-09-13T00:00:00|  1774.80300|   1733.62500|  1784.00000|  2015-09-14| 2.8314
ASASSN-15oi   |00033999024|20 38 53.51|-30 44 52.9|2015-11-13T07:51:58|2015-11-23T00:00:00|  2471.09800|   2395.57800|  2490.00000|  2015-11-24| 3.3927
ASASSN-15OI   |00095141007| 20 39 00.3|-30 44 51.6|2019-07-20T15:29:34|2019-07-30T00:00:00|  2624.93000|   2549.78600|  2646.00000|  2019-07-31| 2.0176
ASASSN-15OI   |00095141011|20 38 45.79|-30 44 43.9|2019-08-10T11:37:36|2019-08-20T00:00:00|  2214.18500|   2164.62700|  2228.00000|  2019-08-21| 5.0559
ASASSN-15oi   |00033999021|20 38 51.84|-30 44 40.9|2015-11-04T09:55:58|2015-11-14T00:00:00|  3038.92200|   2939.13700|  3062.00000|  2015-11-15| 3.7787
ASASSN-15oi   |00033999026|20 39 01.94|-30 44 40.4|2015-11-19T17:32:46|2015-11-29T00:00:00|   872.54100|    847.25100|   882.00000|  2015-11-30| 1.6886
ASASSN-15oi   |00033999009|20 38 57.26|-30 44 34.9|2015-09-20T09:46:58|2015-09-30T00:00:00|  2908.79000|   2810.00800|  2933.00000|  2015-10-01| 2.6653
ASASSN-15oi   |00033999045|20 39 04.21|-30 44 30.7|2016-07-24T15:26:58|2016-08-03T00:00:00|  2763.01100|   2675.88000|  2788.00000|  2016-08-04| 1.3496
ASASSN-15oi   |00033999044|20 39 10.54|-30 44 22.2|2016-07-17T17:33:58|2016-07-27T00:00:00|  2763.27900|   2687.88500|  2781.00000|  2016-07-28| 1.0195
ASASSN-15oi   |00033999014|20 39 00.54|-30 44 19.0|2015-10-08T14:44:57|2015-10-18T00:00:00|  2585.03100|   2533.17900|  2534.00000|  2015-10-19| 2.1158
ASASSN-15oi   |00033999013|20 38 58.23|-30 44 18.9|2015-10-05T05:20:58|2015-10-15T00:00:00|  3194.39800|   3144.05300|  3207.00000|  2015-10-16| 2.5620
ASASSN-15oi   |00033999025|20 39 08.71|-30 44 06.7|2015-11-16T01:28:57|2015-11-26T00:00:00|  1587.65000|   1540.17200|  1602.00000|  2015-11-27| 1.2378
ASASSN-15oi   |00033999019|20 39 00.85|-30 44 04.7|2015-10-29T01:02:58|2015-11-08T00:00:00|  1938.76000|   1866.38200|  1959.00000|  2015-11-09| 2.1873
ASASSN-15oi   |00033999012|20 39 01.13|-30 43 50.5|2015-10-02T01:04:04|2015-10-12T00:00:00|   213.11200|    209.76900|   220.00000|  2015-10-13| 2.2866
ASASSN-15oi   |00033999039|20 39 16.21|-30 43 50.0|2016-05-25T12:00:57|2016-06-04T00:00:00|   852.47700|    826.68700|   858.00000|  2016-06-05| 2.1416
ASASSN-15oi   |00033999011|20 39 02.39|-30 43 44.0|2015-09-29T13:47:57|2015-10-09T00:00:00|  2875.87500|   2825.19900|  2889.00000|  2015-10-10| 2.1701
ASASSN-15oi   |00033999005| 20 38 57.0|-30 43 41.9|2015-09-07T12:00:58|2015-09-17T00:00:00|  2905.95000|   2831.59800|  2925.00000|  2015-09-18| 3.0858
ASASSN-15oi   |00033999040|20 39 12.56|-30 43 31.7|2016-06-19T19:24:58|2016-06-29T00:00:00|  2939.88200|   2888.71600|  2952.00000|  2016-06-30| 1.9591
ASASSN-15oi   |00033999029|20 39 01.24|-30 43 23.5|2016-03-21T16:43:58|2016-03-31T00:00:00|  3132.81200|   3032.89400|  3158.00000|  2016-04-01| 2.5891
ASASSN-15oi   |00033999047|20 38 49.69|-30 43 17.0|2016-08-07T15:57:26|2016-08-17T00:00:00|   777.25900|    751.31800|   783.00000|  2016-08-18| 4.6621
ASASSN-15oi   |00033999023| 20 39 01.4|-30 42 57.2|2015-11-10T03:03:58|2015-11-20T00:00:00|  2768.35000|   2695.11100|  2790.00000|  2015-11-21| 2.9582
ASASSN-15OI   |00095141002|20 39 11.69|-30 42 36.7|2019-06-15T13:37:35|2019-06-25T00:00:00|  2434.19700|   2383.55200|  2448.00000|  2019-06-26| 2.7870
ASASSN-15oi   |00033999027|20 38 58.96|-30 42 35.1|2015-11-22T08:53:04|2015-12-02T00:00:00|  2705.11100|   2654.78400|  1817.00000|  2015-12-03| 3.5228
ASASSN-15oi   |00033999002|20 38 54.83|-30 42 05.4|2015-08-25T07:43:58|2015-09-04T00:00:00|  2497.26000|   2427.24300|  2516.00000|  2015-09-05| 4.4793
ASASSN-15oi   |00033999049|20 38 53.46|-30 41 49.9|2016-08-10T14:02:58|2016-08-20T00:00:00|   433.18200|    408.54900|   441.00000|  2016-08-21| 4.8693
RXJ2039.4-3018|00093109001|20 39 46.26|-30 22 03.5|2017-06-02T12:33:57|2017-06-12T00:00:00|   671.94900|    645.98700|   678.00000|  2017-06-13|24.6185

Number of rows:    59
Number of columns: 11


---- Messages ----
----
Info: Search Radius
Search radius: 25' from swiftmastr
----
----
Info: Name resolution
Position ASASSN-15oi corresponds to J2000 decimal coordinates:309.788125 -30.75575
----
